0.596754
0.61158
0.60588
0.620212
0.625219
0.629865
0.63507
0.63708
0.642319
0.646009
0.648644
0.651576
0.651214
0.657078
0.659352
0.662811
0.665183
0.668214
0.670488
0.673222
0.672959
0.674046
0.6751
0.675891
0.678724
0.680108
0.681162
0.68472
0.683831
0.684951
0.685907
0.686104
0.687686
0.688048
0.688905
0.69154
0.690552
0.691705
0.692792
0.694077
0.695033
0.694967
0.695395
0.696515
0.696779
0.697405
0.698986
0.698426
0.700008
0.700634
0.700996
0.702248
0.703039
0.702742
0.702808
0.70373
0.704752
0.707816
0.705114
0.705477
0.706465
0.700304
0.700238
0.706366
0.707651
0.707355
0.705971
0.705444
0.705279
0.703665
0.703302
0.703961
0.702841
0.704653
0.703335
0.703302
0.702116
0.701721
0.702544
0.702841
0.701754
0.701951
0.701589
0.700897
0.701161
0.701984
0.702281
0.701589
0.701259
0.700996
0.699876
0.700205
0.699678
0.699447
0.700304
0.699612
0.699382
0.699151
0.700073
0.699711
0.698393
0.698294
0.698195
0.697438
0.696746
0.697339
0.696614
0.696746
0.696911
0.695626
0.693649
0.681492
0.687191
0.682282
0.679317
0.67767
0.674672
0.670817
0.664689
0.657342
0.651115
0.638694
0.630919
0.623078
0.618235
0.613359
0.609504
0.605649
0.602058
0.598434
0.598039
0.595634
0.596161
0.595634
0.599291
0.596655
0.596359
0.596787
0.597413
0.596787
0.596622
0.593723
0.59626
0.596161
0.596886
0.596523
0.596227
0.596622
0.595008
0.59626
0.59738
0.59593
0.596326
0.596754
0.59649
0.596293
0.596326
0.596326
0.596622
0.597116
0.596227
0.597182
0.598105
0.597149
0.596721
0.59537
0.596787
0.59705
0.596754
0.596853
0.596359
0.596556
0.596326
0.596919
0.59537
0.59682
0.596622
0.595733
0.59649
0.595831
0.596589
0.597182
0.596392
0.596523
0.597281
0.595831
0.597314
0.595831
0.596424
0.595864
0.596655
0.596919
0.597347
0.596919
0.596194
0.59682
0.598434
0.596424
0.596194
0.59738
0.596523
0.596128
0.596754
0.596622
0.596457
0.59705
0.59649
0.596589
0.596622
0.597281
0.597248
0.597083
0.596886
0.597479
0.596128
0.596886
0.596392
0.596787
0.59649
0.597611
0.596161
0.596359
0.597017
0.596655
0.595469
0.597479
0.595996
0.597215
0.59649
0.595502
0.596029
0.596062
0.595996
0.595864
0.596161
0.59626
0.596326
0.596326
0.596326
0.59705
0.596787
0.597215
0.596029
0.596655
0.596622
0.597775
0.596589
0.596556
0.59626
0.59705
0.596754
0.596392
0.596754
0.596194
0.597545
0.595996
0.595074
0.596622
0.595897
0.596359
0.596952
0.596985
0.597248
0.596227
0.595568
0.596359
0.59939
0.596457
0.596392
0.596622
0.596457
0.596293
0.595963
0.596359
0.596754
0.596161
0.596919
0.596787
0.596392
0.596293
0.596029
0.59649
0.596622
0.596952
0.596029
0.596227
0.595996
0.596886
0.596919
0.597973
0.596523
0.596161
0.595897
0.59626
0.597116
0.597248
0.59649
0.597545
0.596293
0.595963
0.596589
0.596688
0.615863
0.617477
0.620047
0.625055
0.632402
0.635565
0.640243
0.643669
0.646997
0.650489
0.652664
0.655266
0.65721
0.659747
0.663635
0.666205
0.669137
0.670916
0.673222
0.672563
0.674145
0.675759
0.678032
0.678362
0.680009
0.682184
0.68393
0.685709
0.685346
0.68561
0.686236
0.687883
0.688872
0.689201
0.690651
0.691573
0.692232
0.693023
0.69444
0.694802
0.695362
0.696186
0.69635
0.697537
0.698393
0.69925
0.699382
0.700601
0.700699
0.701029
0.702248
0.703236
0.702643
0.703104
0.704126
0.704653
0.705378
0.706926
0.706399
0.705905
0.701128
0.704488
0.705839
0.706597
0.706432
0.708903
0.704851
0.704159
0.703895
0.703698
0.706893
0.704686
0.702874
0.702841
0.702182
0.702446
0.702808
0.70182
0.702116
0.702479
0.702116
0.701194
0.702643
0.701062
0.702413
0.701457
0.701095
0.700963
0.701062
0.700271
0.700106
0.699711
0.700765
0.69925
0.700238
0.699447
0.698591
0.697569
0.698657
0.698986
0.69813
0.698558
0.697734
0.697339
0.69724
0.695757
0.697174
0.69724
0.696449
0.685511
0.684885
0.684292
0.682875
0.679185
0.677044
0.672596
0.668511
0.660439
0.655168
0.645416
0.63316
0.626373
0.620574
0.616324
0.612272
0.608417
0.60387
0.601004
0.598401
0.597676
0.597017
0.597149
0.596523
0.596688
0.596721
0.598632
0.597643
0.597149
0.597149
0.596919
0.59682
0.596787
0.59649
0.596556
0.596787
0.597149
0.597281
0.596359
0.597116
0.596754
0.596457
0.597182
0.596853
0.595831
0.596853
0.596655
0.596622
0.596556
0.595864
0.597083
0.596688
0.596622
0.596128
0.596293
0.597215
0.596787
0.596655
0.597413
0.597676
0.596655
0.596392
0.596293
0.596655
0.596392
0.596326
0.596886
0.596424
0.596721
0.596227
0.596589
0.596787
0.597215
0.596721
0.596095
0.597116
0.597578
0.596622
0.597676
0.596589
0.596095
0.597347
0.596721
0.597149
0.595074
0.596326
0.596787
0.596919
0.597874
0.596293
0.596655
0.596721
0.595864
0.596886
0.597314
0.597775
0.596161
0.596095
0.596523
0.596622
0.596556
0.596392
0.595831
0.596556
0.596523
0.596721
0.596095
0.596523
0.596589
0.59705
0.59593
0.596919
0.59682
0.597017
0.595107
0.596655
0.59593
0.596721
0.596424
0.597248
0.5957
0.597545
0.596919
0.596095
0.597017
0.59649
0.598533
0.596128
0.597281
0.596326
0.596853
0.594942
0.596326
0.597017
0.597545
0.595766
0.596194
0.596194
0.596523
0.595897
0.596589
0.596721
0.596457
0.596326
0.59705
0.596952
0.597512
0.597017
0.596523
0.596985
0.59682
0.596424
0.596589
0.59649
0.595667
0.596787
0.595963
0.596424
0.597742
0.597446
0.59649
0.596392
0.596523
0.596886
0.596655
0.59649
0.59682
0.59593
0.59682
0.594052
0.597116
0.597182
0.596721
0.597248
0.59626
0.595403
0.596392
0.596688
0.59738
0.596919
0.596985
0.596655
0.59626
0.596787
0.596919
0.596589
0.595205
0.596622
0.596523
0.595963
0.596721
0.604661
0.603409
0.619915
0.623803
0.628086
0.633753
0.637871
0.642648
0.646338
0.648348
0.651445
0.653092
0.655266
0.659352
0.662251
0.664887
0.668412
0.669829
0.672926
0.672695
0.673321
0.674968
0.67566
0.677275
0.679416
0.680767
0.683073
0.684523
0.684984
0.685379
0.686071
0.686697
0.687982
0.686401
0.690255
0.691409
0.692067
0.692232
0.693352
0.694769
0.694637
0.69523
0.696219
0.6978
0.697504
0.697207
0.699052
0.699414
0.701194
0.700897
0.701589
0.701029
0.70317
0.704027
0.703763
0.704192
0.705641
0.705081
0.705971
0.706465
0.70037
0.700699
0.70574
0.705575
0.708145
0.707355
0.704884
0.705147
0.703632
0.703961
0.703632
0.703994
0.704258
0.704027
0.703335
0.702083
0.706794
0.702215
0.703961
0.702347
0.702083
0.703698
0.702149
0.701951
0.701391
0.700765
0.700106
0.700403
0.700205
0.699876
0.699777
0.698953
0.699909
0.700172
0.698591
0.698459
0.698657
0.698887
0.697372
0.698624
0.697701
0.697306
0.697009
0.698327
0.697108
0.697767
0.697734
0.695395
0.696911
0.694571
0.680602
0.686928
0.682315
0.680009
0.677538
0.67398
0.670718
0.664755
0.656914
0.651609
0.638958
0.629964
0.623869
0.618663
0.613359
0.611415
0.605419
0.602454
0.599159
0.597479
0.596886
0.593822
0.596622
0.596787
0.596589
0.596919
0.597215
0.598105
0.597083
0.597709
0.596886
0.596293
0.59682
0.594019
0.596886
0.59593
0.596161
0.595996
0.595733
0.596787
0.59626
0.595107
0.596655
0.596985
0.596754
0.596424
0.593986
0.596457
0.596424
0.596754
0.59593
0.596787
0.597676
0.596359
0.596952
0.596392
0.59649
0.596886
0.596985
0.59682
0.596523
0.596622
0.59682
0.596359
0.596589
0.595831
0.596523
0.596919
0.595766
0.596161
0.596721
0.596194
0.596523
0.596589
0.596688
0.596194
0.598072
0.595897
0.596457
0.596161
0.596523
0.597182
0.596523
0.596754
0.596424
0.596919
0.596853
0.596589
0.596523
0.596029
0.596556
0.597281
0.59682
0.596227
0.596655
0.596523
0.596556
0.596293
0.596194
0.59649
0.596457
0.596227
0.596227
0.596457
0.59682
0.596754
0.595568
0.596062
0.596359
0.596622
0.596589
0.597149
0.596919
0.596754
0.596062
0.596886
0.596062
0.59649
0.597182
0.597841
0.595864
0.596556
0.596359
0.596622
0.597446
0.596919
0.596688
0.596721
0.596359
0.5957
0.59649
0.597643
0.59649
0.59593
0.596919
0.596095
0.598171
0.596919
0.596589
0.596589
0.597182
0.595864
0.59705
0.595963
0.596457
0.59649
0.595766
0.596622
0.595798
0.596754
0.596095
0.596853
0.596754
0.597446
0.596029
0.596589
0.597611
0.596424
0.596589
0.597347
0.595634
0.596424
0.596952
0.596359
0.59649
0.596886
0.596985
0.596523
0.596062
0.596688
0.597248
0.59649
0.595996
0.596688
0.597281
0.596688
0.597907
0.596589
0.596787
0.597742
0.596062
0.595535
0.596919
0.596655
0.595864
0.595766
0.596556
0.596919
0.597149
0.592636
0.596029
0.618564
0.614644
0.61975
0.626043
0.632039
0.635136
0.641165
0.643702
0.643702
0.651016
0.65184
0.654805
0.658034
0.66011
0.664821
0.666238
0.669499
0.67174
0.672794
0.673881
0.673947
0.675298
0.676121
0.679284
0.681063
0.682414
0.683139
0.684127
0.683864
0.685874
0.686697
0.687356
0.689036
0.689135
0.690717
0.691046
0.692792
0.693385
0.692924
0.69411
0.696318
0.695197
0.696318
0.697372
0.698953
0.69836
0.69869
0.700601
0.697504
0.701325
0.702643
0.702775
0.702479
0.70294
0.704719
0.704982
0.705477
0.706399
0.702874
0.706893
0.70093
0.703434
0.707322
0.706696
0.707519
0.706037
0.7063
0.703763
0.704225
0.703994
0.703994
0.703401
0.704192
0.702577
0.701622
0.701589
0.702479
0.70373
0.703039
0.703269
0.701918
0.700963
0.70182
0.70149
0.701853
0.701622
0.701622
0.701292
0.700897
0.700831
0.699414
0.700634
0.69948
0.702709
0.699579
0.699843
0.698558
0.697833
0.698887
0.697602
0.698459
0.698031
0.697504
0.697306
0.696746
0.696812
0.697537
0.697965
0.695725
0.689333
0.687751
0.686104
0.6808
0.678988
0.67678
0.673683
0.669565
0.66291
0.655827
0.647491
0.6354
0.62802
0.620936
0.616456
0.612173
0.608252
0.603969
0.601268
0.597709
0.597512
0.596688
0.596787
0.597314
0.596985
0.597545
0.597215
0.598138
0.596095
0.59682
0.596556
0.596721
0.597479
0.596985
0.595831
0.597808
0.596754
0.596754
0.597413
0.595798
0.596754
0.598335
0.598105
0.5957
0.596457
0.596227
0.596062
0.598368
0.596787
0.596985
0.597314
0.59705
0.596424
0.596227
0.596062
0.59626
0.595864
0.596457
0.596457
0.596359
0.596161
0.596655
0.597643
0.596721
0.596194
0.596392
0.596161
0.596392
0.596655
0.595304
0.596062
0.596853
0.597215
0.597149
0.597149
0.597017
0.59626
0.594843
0.596589
0.597248
0.597149
0.597446
0.596359
0.596688
0.596194
0.596359
0.597083
0.595798
0.59682
0.596589
0.596655
0.596161
0.597413
0.596227
0.593558
0.595963
0.596424
0.595304
0.596457
0.598698
0.595897
0.596886
0.596392
0.596424
0.596359
0.596886
0.59682
0.593459
0.596227
0.597149
0.596556
0.596293
0.598236
0.596293
0.596457
0.596326
0.596227
0.595766
0.596424
0.595897
0.596293
0.597413
0.596655
0.596161
0.596721
0.596985
0.596655
0.596721
0.596424
0.59593
0.596359
0.59682
0.596556
0.595667
0.596128
0.596392
0.596227
0.596326
0.596326
0.595798
0.596227
0.59738
0.596523
0.596754
0.597281
0.59626
0.595535
0.596359
0.597017
0.596688
0.596919
0.597017
0.59649
0.598105
0.596326
0.59794
0.596688
0.596721
0.596721
0.59794
0.595996
0.59626
0.596161
0.596227
0.594909
0.596787
0.596424
0.595469
0.596424
0.595996
0.595667
0.596919
0.596655
0.595436
0.596359
0.596754
0.596029
0.596457
0.597413
0.596919
0.59626
0.597248
0.596227
0.596457
0.595996
0.596194
0.596128
0.594019
0.595766
0.597413
0.596556
0.599851
0.60499
0.621233
0.624857
0.628086
0.634411
0.637146
0.642879
0.645119
0.64815
0.652927
0.652664
0.655761
0.657803
0.662317
0.664656
0.667621
0.670718
0.672168
0.674013
0.674276
0.67543
0.676418
0.677901
0.680404
0.682052
0.683139
0.68393
0.688345
0.685577
0.685182
0.692331
0.68818
0.688773
0.689531
0.691639
0.691145
0.692924
0.693978
0.694505
0.695066
0.695988
0.696186
0.696746
0.697471
0.698657
0.699151
0.700238
0.701062
0.700535
0.702347
0.703566
0.703368
0.705213
0.703961
0.705081
0.705081
0.705872
0.706333
0.706893
0.701325
0.700897
0.706432
0.706465
0.707091
0.706103
0.706465
0.705411
0.704488
0.703862
0.704159
0.704389
0.704719
0.703401
0.703302
0.70317
0.70205
0.703039
0.702874
0.702577
0.701754
0.702314
0.701161
0.701457
0.701523
0.701292
0.701095
0.701128
0.699513
0.700568
0.700601
0.700469
0.699843
0.698821
0.699843
0.699118
0.698953
0.699052
0.700765
0.698492
0.700864
0.698525
0.698723
0.698657
0.697998
0.697635
0.696779
0.697273
0.696812
0.695164
0.680635
0.686071
0.684226
0.679581
0.678691
0.676484
0.671311
0.664788
0.661263
0.652268
0.641758
0.63171
0.624561
0.618004
0.614479
0.611086
0.605781
0.601828
0.601663
0.598269
0.595864
0.596029
0.596853
0.596161
0.597347
0.59481
0.597248
0.597083
0.595963
0.59649
0.596326
0.59794
0.597512
0.597083
0.596952
0.597248
0.596424
0.596688
0.597413
0.596688
0.596622
0.596754
0.596227
0.596787
0.596589
0.595996
0.596424
0.596787
0.596655
0.595831
0.597215
0.596128
0.59626
0.595205
0.596523
0.596523
0.596622
0.596853
0.596655
0.596787
0.596787
0.596457
0.596095
0.595667
0.597116
0.597841
0.596853
0.596227
0.59705
0.597413
0.595963
0.596128
0.598368
0.5957
0.596062
0.597413
0.596227
0.597413
0.596359
0.596359
0.597248
0.596853
0.596919
0.595733
0.595897
0.596194
0.596161
0.596128
0.595337
0.596424
0.595996
0.596457
0.594876
0.596556
0.596622
0.59537
0.597017
0.596622
0.596326
0.596985
0.596424
0.595864
0.596754
0.596095
0.595831
0.596589
0.596523
0.595403
0.596952
0.596919
0.596556
0.596556
0.596227
0.597742
0.596589
0.596919
0.59682
0.596589
0.59649
0.596589
0.596721
0.59593
0.598171
0.59593
0.596787
0.596392
0.596457
0.597281
0.597676
0.596424
0.597116
0.59682
0.596392
0.596952
0.596754
0.595502
0.596523
0.596886
0.596919
0.596161
0.596556
0.596622
0.596952
0.596457
0.596853
0.596556
0.596392
0.596985
0.596161
0.596029
0.596227
0.595963
0.597413
0.596128
0.596326
0.596227
0.598105
0.596952
0.596523
0.596853
0.597512
0.597775
0.596787
0.595897
0.596457
0.596886
0.596754
0.597281
0.59626
0.596424
0.596194
0.595667
0.596293
0.595897
0.595436
0.596062
0.596952
0.596293
0.595766
0.596062
0.596457
0.596161
0.596424
0.596886
0.593163
0.596523
0.595798
0.597248
0.596359
0.596392
0.596589
0.619454
0.611448
0.619849
0.625845
0.630886
0.636092
0.640243
0.643735
0.647293
0.650456
0.652466
0.65408
0.657639
0.659813
0.663602
0.665612
0.66884
0.670718
0.672926
0.673716
0.67543
0.675232
0.67678
0.679383
0.680207
0.680767
0.683007
0.683567
0.685874
0.686104
0.686763
0.687817
0.688641
0.689761
0.690486
0.691376
0.693089
0.692298
0.695593
0.694407
0.694571
0.696285
0.697405
0.697734
0.698821
0.697602
0.700765
0.700469
0.700403
0.701292
0.700337
0.702182
0.703434
0.703137
0.703796
0.704356
0.704917
0.706168
0.706234
0.70663
0.699645
0.703137
0.706992
0.705971
0.707717
0.705246
0.705312
0.704389
0.703302
0.704587
0.704719
0.704323
0.704027
0.705312
0.702775
0.702479
0.70261
0.702742
0.702709
0.703302
0.701853
0.701787
0.701721
0.70238
0.701754
0.701325
0.701457
0.700699
0.700699
0.699546
0.700106
0.700008
0.698854
0.699546
0.699711
0.699151
0.699316
0.699777
0.69869
0.698097
0.698294
0.699217
0.698657
0.697767
0.696845
0.697075
0.697471
0.697042
0.69556
0.691145
0.686401
0.685874
0.682052
0.67935
0.677472
0.674507
0.670059
0.662482
0.655859
0.648941
0.6354
0.628646
0.623671
0.618531
0.612832
0.610229
0.604826
0.600839
0.599719
0.597808
0.596754
0.596128
0.59593
0.596161
0.59682
0.597643
0.597149
0.598368
0.59649
0.596128
0.598072
0.596128
0.597643
0.596985
0.597512
0.596128
0.597446
0.596523
0.594876
0.59705
0.596985
0.596457
0.596655
0.591647
0.595996
0.596688
0.595864
0.596688
0.601136
0.596622
0.597742
0.596194
0.596853
0.595831
0.596556
0.595766
0.596985
0.596622
0.597446
0.596128
0.597314
0.596721
0.596589
0.595831
0.596029
0.595831
0.596161
0.596556
0.596853
0.597314
0.59738
0.595996
0.596128
0.595963
0.59649
0.596227
0.598039
0.596359
0.597149
0.596919
0.596589
0.596457
0.596754
0.596886
0.596688
0.597479
0.596457
0.596095
0.596787
0.596523
0.597149
0.596424
0.596424
0.597182
0.596194
0.596886
0.595831
0.595436
0.595963
0.596029
0.596787
0.596556
0.59626
0.596688
0.596556
0.596424
0.596326
0.597281
0.596293
0.595535
0.596721
0.596424
0.595766
0.596457
0.597017
0.596227
0.596688
0.596985
0.596556
0.595864
0.596655
0.596128
0.596853
0.596688
0.596688
0.596952
0.596392
0.595667
0.596787
0.597643
0.596523
0.597149
0.596424
0.596622
0.596754
0.596457
0.596952
0.595963
0.596392
0.596721
0.59649
0.5957
0.59649
0.596919
0.596952
0.596787
0.596721
0.596952
0.595667
0.597017
0.596326
0.596787
0.596589
0.596853
0.596622
0.596293
0.596326
0.596589
0.596227
0.596787
0.595897
0.597347
0.596227
0.596622
0.596754
0.596062
0.596392
0.596227
0.596589
0.595996
0.597083
0.595733
0.596095
0.596952
0.59682
0.596128
0.596787
0.597215
0.596523
0.596293
0.596853
0.596721
0.596952
0.596359
0.596392
0.595831
0.596919
0.596853
0.596161
0.596161
0.598599
0.608384
0.621332
0.622748
0.627196
0.636685
0.636619
0.642352
0.646173
0.647886
0.651544
0.653158
0.656189
0.659187
0.661987
0.664623
0.66716
0.669928
0.671443
0.672827
0.671805
0.675001
0.676253
0.677802
0.679153
0.68024
0.681689
0.683403
0.684127
0.685281
0.687126
0.687521
0.687653
0.689003
0.690453
0.688608
0.692364
0.692726
0.693715
0.69467
0.693978
0.695889
0.696548
0.697504
0.697998
0.69869
0.698756
0.700139
0.700765
0.701062
0.700864
0.702413
0.703137
0.704291
0.703698
0.704686
0.704686
0.706004
0.706399
0.707355
0.703401
0.701095
0.706729
0.706432
0.707289
0.708376
0.704785
0.705081
0.704291
0.704982
0.703072
0.705411
0.705378
0.704488
0.70317
0.702479
0.70182
0.703203
0.702775
0.703335
0.702149
0.702083
0.701655
0.702116
0.702083
0.701853
0.701655
0.701853
0.700963
0.700205
0.700436
0.700106
0.699118
0.699975
0.700172
0.699942
0.699052
0.697767
0.699184
0.698492
0.700008
0.698195
0.697701
0.69813
0.697602
0.69892
0.697108
0.696515
0.696021
0.696647
0.684029
0.686137
0.685116
0.679647
0.679153
0.675364
0.672399
0.666962
0.659747
0.654113
0.642846
0.633028
0.625483
0.620014
0.615039
0.612799
0.606868
0.602915
0.599554
0.598368
0.597149
0.596721
0.597083
0.597149
0.59705
0.60018
0.597676
0.596589
0.597215
0.59649
0.597116
0.596392
0.596853
0.5985
0.596655
0.59537
0.596985
0.597479
0.596622
0.596886
0.596161
0.596886
0.59649
0.596952
0.596589
0.598632
0.596424
0.596424
0.59682
0.596622
0.597841
0.596359
0.596194
0.59682
0.597182
0.595831
0.596523
0.596359
0.596392
0.59705
0.596128
0.596622
0.59626
0.596787
0.596227
0.596886
0.596523
0.596293
0.596655
0.596919
0.597149
0.596985
0.596754
0.596424
0.596787
0.596721
0.596952
0.596161
0.596886
0.597182
0.595074
0.596523
0.597083
0.596227
0.596919
0.595831
0.596556
0.596424
0.596787
0.596392
0.598302
0.597281
0.59649
0.596424
0.596952
0.596655
0.597182
0.596787
0.596754
0.597017
0.600246
0.59705
0.59649
0.596655
0.596655
0.597479
0.596095
0.596293
0.59705
0.596326
0.595304
0.596392
0.597083
0.596721
0.59626
0.597907
0.596787
0.596523
0.596523
0.596161
0.596392
0.597149
0.596985
0.596853
0.596952
0.596688
0.596523
0.596161
0.596424
0.597017
0.596359
0.596523
0.596523
0.596424
0.597248
0.597446
0.596886
0.597281
0.596622
0.596655
0.596688
0.596721
0.598764
0.595864
0.596622
0.595798
0.596787
0.596128
0.596985
0.596392
0.597281
0.597281
0.596655
0.597017
0.596424
0.596029
0.596754
0.596161
0.596523
0.596293
0.596128
0.596359
0.596721
0.596128
0.596029
0.596721
0.596194
0.596392
0.596095
0.595831
0.595963
0.596227
0.596359
0.596128
0.596161
0.596919
0.595667
0.596062
0.596227
0.595864
0.595535
0.596424
0.596457
0.596721
0.5957
0.596095
0.596161
0.597116
0.596556
0.596886
0.595634
0.615599
0.607956
0.619322
0.624758
0.630227
0.635169
0.639024
0.642747
0.645877
0.648908
0.651774
0.65408
0.657309
0.659681
0.663931
0.665414
0.667555
0.671015
0.672464
0.672596
0.674046
0.674408
0.676352
0.677966
0.680635
0.680965
0.683238
0.68416
0.68505
0.686829
0.686302
0.687554
0.688707
0.689893
0.690684
0.691277
0.692232
0.692693
0.694637
0.694868
0.695329
0.69579
0.696878
0.697306
0.697207
0.699612
0.699546
0.699678
0.701523
0.701358
0.701589
0.701523
0.702479
0.703698
0.705114
0.70462
0.705608
0.706597
0.706004
0.706794
0.699645
0.702182
0.70663
0.705872
0.70775
0.705114
0.705608
0.704291
0.703269
0.703698
0.704291
0.704422
0.70462
0.703665
0.699085
0.700963
0.70261
0.70317
0.70261
0.702643
0.701622
0.70182
0.701292
0.701885
0.701457
0.700798
0.701358
0.701095
0.700666
0.70037
0.700205
0.700205
0.700798
0.699843
0.69925
0.699052
0.698459
0.699052
0.698261
0.696713
0.69836
0.698031
0.697405
0.698393
0.695626
0.696845
0.69668
0.69612
0.69579
0.694604
0.68192
0.686137
0.682546
0.678527
0.67968
0.673519
0.669763
0.662712
0.656321
0.650687
0.637508
0.628942
0.62209
0.617576
0.612799
0.609735
0.60532
0.600411
0.597907
0.597742
0.596721
0.596095
0.596293
0.597149
0.595469
0.597182
0.597017
0.596787
0.596787
0.597808
0.596853
0.597742
0.597314
0.59682
0.597709
0.596985
0.597083
0.596392
0.596359
0.59794
0.596161
0.596754
0.595535
0.596326
0.597149
0.5957
0.596424
0.596985
0.596655
0.595766
0.59682
0.597413
0.596622
0.596655
0.597281
0.596359
0.597281
0.597479
0.597578
0.596622
0.596227
0.59649
0.596754
0.596293
0.596227
0.596754
0.59626
0.596359
0.595996
0.596293
0.596952
0.595469
0.59649
0.595667
0.596227
0.596952
0.596622
0.596293
0.596589
0.595996
0.59626
0.596787
0.596853
0.596424
0.596293
0.596359
0.596721
0.596985
0.596095
0.595766
0.595733
0.595502
0.596556
0.595996
0.596754
0.596556
0.596886
0.596326
0.596556
0.596095
0.595897
0.596754
0.596326
0.596359
0.596622
0.59705
0.596392
0.596161
0.596556
0.596029
0.596392
0.596161
0.59682
0.596359
0.597742
0.596589
0.596985
0.596523
0.596029
0.597017
0.59626
0.59626
0.596392
0.596227
0.597281
0.596721
0.596128
0.59626
0.596622
0.596227
0.596589
0.595766
0.596622
0.596589
0.594612
0.596622
0.597248
0.596655
0.596095
0.596062
0.596721
0.595864
0.596919
0.597314
0.59626
0.597248
0.596985
0.595996
0.596721
0.597281
0.596721
0.597116
0.596424
0.596589
0.59794
0.596128
0.595436
0.596721
0.59649
0.594975
0.596886
0.595436
0.59626
0.596952
0.596787
0.596688
0.597874
0.596556
0.59626
0.595304
0.596095
0.596029
0.595864
0.596161
0.59593
0.595831
0.596293
0.596227
0.596721
0.596556
0.596128
0.596326
0.596457
0.596194
0.594645
0.59626
0.596359
0.596161
0.596457
0.595831
0.597017
0.610328
0.621266
0.621991
0.626109
0.633127
0.636355
0.641528
0.645481
0.646964
0.651379
0.651873
0.655201
0.658199
0.662284
0.663931
0.667786
0.66996
0.672431
0.672201
0.67454
0.673947
0.675792
0.677275
0.680602
0.680965
0.683205
0.684523
0.685017
0.685313
0.686236
0.68729
0.687949
0.689036
0.690618
0.691409
0.692166
0.69266
0.693616
0.693155
0.694538
0.695461
0.696318
0.696548
0.697306
0.697635
0.698887
0.700304
0.700106
0.700502
0.702182
0.702149
0.70317
0.703533
0.703763
0.704587
0.704323
0.706103
0.705938
0.70742
0.703104
0.700469
0.705411
0.706267
0.706696
0.706465
0.705575
0.704587
0.703368
0.702676
0.704093
0.704225
0.704982
0.703665
0.703137
0.702083
0.702676
0.703137
0.702479
0.704192
0.702116
0.701358
0.702808
0.701029
0.701029
0.701951
0.701556
0.70317
0.701325
0.702643
0.700535
0.700469
0.700469
0.700535
0.699546
0.698657
0.699678
0.699546
0.698459
0.697569
0.700008
0.698228
0.69813
0.697372
0.695362
0.697141
0.696153
0.695955
0.696021
0.696515
0.68337
0.684918
0.686664
0.680833
0.678658
0.676253
0.671476
0.66884
0.659747
0.653191
0.643373
0.632468
0.626043
0.618762
0.615401
0.61158
0.606242
0.602223
0.599357
0.596787
0.596754
0.596622
0.59649
0.596194
0.59738
0.597479
0.59738
0.597611
0.597611
0.5957
0.595963
0.59705
0.59906
0.59794
0.596359
0.596424
0.596886
0.592932
0.595831
0.595864
0.596787
0.597248
0.596853
0.596457
0.5957
0.596721
0.596886
0.596853
0.595963
0.596293
0.596227
0.596622
0.596128
0.596688
0.594019
0.596622
0.596655
0.597017
0.596952
0.597017
0.59626
0.596688
0.596095
0.596359
0.596326
0.596227
0.596359
0.596787
0.597215
0.597973
0.596952
0.596424
0.597215
0.596688
0.597578
0.596754
0.596688
0.596227
0.595733
0.597479
0.596556
0.596523
0.596886
0.596523
0.596392
0.596622
0.596688
0.596919
0.595963
0.597281
0.596227
0.596589
0.596754
0.59682
0.592998
0.59738
0.596853
0.59738
0.596457
0.595469
0.596985
0.59705
0.596424
0.596062
0.596392
0.596688
0.596787
0.596655
0.597446
0.596622
0.596523
0.596919
0.595897
0.596952
0.596754
0.59649
0.596523
0.596688
0.596787
0.596622
0.596326
0.596392
0.59738
0.596589
0.596523
0.596392
0.596622
0.595107
0.596556
0.596787
0.59682
0.596985
0.596655
0.596919
0.597808
0.596886
0.596919
0.596326
0.597083
0.59794
0.597314
0.596589
0.596227
0.596688
0.594579
0.596392
0.596589
0.597643
0.596293
0.596326
0.596622
0.596293
0.594876
0.596457
0.596688
0.59649
0.596853
0.596721
0.596194
0.596029
0.5957
0.596359
0.59626
0.596062
0.5957
0.596359
0.596424
0.595502
0.595831
0.5957
0.595766
0.596688
0.596556
0.59649
0.596227
0.596556
0.595403
0.595996
0.596721
0.595996
0.597116
0.596523
0.596952
0.596424
0.597545
0.596556
0.596754
0.597742
0.596029
0.596754
0.596688
0.613952
0.606209
0.61919
0.625911
0.630161
0.635532
0.63932
0.642516
0.645448
0.649336
0.651642
0.652499
0.657243
0.659648
0.663272
0.665645
0.669203
0.670784
0.672135
0.673519
0.674013
0.675265
0.678428
0.678263
0.679317
0.681162
0.682678
0.6836
0.684951
0.682217
0.686071
0.686697
0.688707
0.68818
0.690552
0.691705
0.69154
0.693945
0.693814
0.696581
0.694703
0.693748
0.69668
0.69813
0.70037
0.698327
0.699414
0.700469
0.700568
0.702182
0.702347
0.702874
0.703203
0.703335
0.704192
0.704917
0.703698
0.706333
0.706926
0.707124
0.700172
0.701259
0.707552
0.706366
0.709101
0.70607
0.70663
0.704785
0.703665
0.704159
0.703566
0.703434
0.70462
0.703302
0.703104
0.70205
0.704949
0.703104
0.702742
0.701951
0.702281
0.702215
0.701688
0.701853
0.702775
0.70205
0.701721
0.700732
0.701194
0.697075
0.700699
0.699645
0.700172
0.70037
0.698887
0.699118
0.699414
0.698558
0.698723
0.698294
0.697306
0.698261
0.697965
0.697569
0.700008
0.697306
0.697339
0.69668
0.696383
0.693319
0.6836
0.688048
0.682612
0.680833
0.678296
0.673848
0.670125
0.664228
0.657309
0.652499
0.63853
0.629173
0.622748
0.617774
0.612008
0.610427
0.606407
0.601795
0.59883
0.599423
0.597017
0.59593
0.595798
0.596194
0.597907
0.597314
0.597874
0.597413
0.597874
0.592899
0.596985
0.596919
0.597775
0.596062
0.59626
0.597347
0.596194
0.596589
0.596985
0.59738
0.596556
0.596853
0.59682
0.597314
0.596359
0.596886
0.597347
0.59649
0.598236
0.596227
0.596655
0.595996
0.595634
0.596622
0.597874
0.596556
0.59682
0.596128
0.596194
0.595963
0.595733
0.595667
0.596556
0.596589
0.595897
0.596787
0.596523
0.594876
0.59626
0.596326
0.596523
0.59649
0.597808
0.597347
0.597479
0.596161
0.595996
0.596095
0.596754
0.598269
0.597149
0.59626
0.596457
0.597017
0.596029
0.596392
0.597149
0.59794
0.596589
0.596095
0.596622
0.596622
0.596293
0.596029
0.596523
0.595766
0.596062
0.596622
0.596359
0.596622
0.595831
0.59649
0.596095
0.596886
0.596161
0.597083
0.595733
0.595831
0.595963
0.596293
0.596886
0.596392
0.596227
0.59649
0.596128
0.596293
0.596589
0.596688
0.596095
0.596787
0.596787
0.59593
0.597314
0.595963
0.596622
0.596128
0.596194
0.596457
0.596688
0.596293
0.596721
0.597676
0.59682
0.596424
0.597808
0.596754
0.596392
0.596688
0.59626
0.596457
0.595798
0.596754
0.59649
0.596293
0.596655
0.596227
0.596556
0.59705
0.596392
0.596392
0.595996
0.596556
0.596293
0.596227
0.597874
0.596392
0.596688
0.596326
0.596359
0.598928
0.596589
0.596688
0.597149
0.595469
0.596787
0.59649
0.596787
0.59593
0.596787
0.596886
0.595601
0.596754
0.596622
0.59738
0.597215
0.596293
0.596688
0.59794
0.596392
0.595502
0.59738
0.59649
0.596424
0.597611
0.596787
0.59705
0.596952
0.594085
0.596622
0.597314
0.596952
0.613721
0.620014
0.621266
0.625483
0.632896
0.636619
0.641429
0.64502
0.647063
0.651049
0.652927
0.656222
0.658034
0.660801
0.663997
0.666666
0.670883
0.670883
0.673057
0.674276
0.67599
0.676352
0.677308
0.678296
0.68103
0.681755
0.683172
0.68505
0.685972
0.685808
0.686829
0.687653
0.688971
0.689992
0.690585
0.692035
0.693352
0.693781
0.693484
0.69523
0.695626
0.697207
0.696812
0.696976
0.697602
0.697866
0.699876
0.70004
0.701029
0.701918
0.702281
0.70317
0.703335
0.704521
0.704027
0.704785
0.707651
0.706827
0.707058
0.705345
0.700798
0.702742
0.705575
0.70742
0.706959
0.705641
0.704653
0.703895
0.703236
0.703632
0.703961
0.704982
0.703533
0.703698
0.701688
0.702215
0.703104
0.702248
0.703039
0.702281
0.702347
0.701128
0.700996
0.701556
0.700271
0.701754
0.701259
0.701259
0.699975
0.700172
0.699711
0.699612
0.699678
0.699382
0.700502
0.697833
0.697602
0.698327
0.699184
0.698558
0.697998
0.698821
0.697635
0.698195
0.696976
0.696614
0.697471
0.696944
0.696318
0.684885
0.686434
0.684556
0.679449
0.677835
0.675364
0.672036
0.666929
0.66034
0.653421
0.644822
0.633225
0.626537
0.619652
0.615204
0.61181
0.606704
0.602124
0.599521
0.597446
0.597545
0.596424
0.597973
0.596326
0.596457
0.596919
0.597512
0.596886
0.596029
0.596095
0.595897
0.596523
0.595535
0.596688
0.596556
0.596754
0.59682
0.597512
0.596919
0.597413
0.59705
0.597808
0.596095
0.597083
0.59649
0.596721
0.59626
0.593525
0.59705
0.595601
0.59626
0.596062
0.596424
0.595864
0.596523
0.596161
0.59682
0.596457
0.5957
0.596589
0.596326
0.596392
0.595436
0.596359
0.596194
0.597347
0.596029
0.595634
0.596062
0.596359
0.595238
0.596556
0.595634
0.596556
0.595535
0.596457
0.596359
0.5957
0.596128
0.596359
0.595996
0.596787
0.59682
0.596754
0.596392
0.595568
0.596359
0.596161
0.596457
0.597017
0.595041
0.596556
0.596194
0.59682
0.595963
0.595963
0.59626
0.595436
0.596655
0.595897
0.596655
0.596326
0.597643
0.596128
0.596622
0.59593
0.59626
0.597314
0.596523
0.597083
0.595535
0.596424
0.596293
0.595733
0.595436
0.597446
0.596556
0.597446
0.595337
0.596952
0.596886
0.596293
0.595535
0.597149
0.596952
0.597017
0.597149
0.596721
0.597083
0.59682
0.596424
0.5957
0.596359
0.597083
0.596853
0.596128
0.596457
0.596919
0.59794
0.596095
0.598335
0.596655
0.595798
0.595766
0.596457
0.597017
0.59649
0.595798
0.597643
0.59626
0.595766
0.596952
0.597314
0.596392
0.596359
0.594942
0.596523
0.597017
0.596359
0.596392
0.599456
0.596754
0.59626
0.596787
0.596128
0.599027
0.596622
0.597149
0.596424
0.595996
0.596754
0.596556
0.595667
0.597281
0.596688
0.597215
0.596985
0.595469
0.596359
0.596392
0.599093
0.597643
0.597643
0.596457
0.59649
0.594349
0.596326
0.597611
0.596457
0.596622
0.596655
0.608417
0.604661
0.620508
0.624725
0.629107
0.634675
0.638266
0.643636
0.645778
0.649105
0.651972
0.651873
0.656453
0.659582
0.66571
0.665974
0.668214
0.671278
0.672366
0.6723
0.674013
0.675891
0.677835
0.677637
0.679153
0.681558
0.679515
0.684687
0.685017
0.686598
0.687027
0.687587
0.687982
0.689267
0.693649
0.692595
0.69243
0.692726
0.694473
0.692331
0.69523
0.694736
0.697075
0.697635
0.697866
0.698525
0.70182
0.700106
0.700337
0.700765
0.701754
0.702544
0.702676
0.703335
0.704093
0.70551
0.703665
0.706333
0.70663
0.704949
0.700502
0.702149
0.707058
0.705839
0.707091
0.706498
0.705543
0.705806
0.703302
0.703467
0.704159
0.703763
0.704752
0.703928
0.703796
0.703137
0.70294
0.704093
0.703006
0.699843
0.702347
0.701556
0.701951
0.702347
0.70149
0.701754
0.70205
0.700897
0.700963
0.701787
0.700469
0.700699
0.700271
0.700469
0.700073
0.700502
0.700469
0.699316
0.698426
0.69981
0.698591
0.699118
0.698195
0.699184
0.697998
0.697306
0.696878
0.697899
0.697075
0.694637
0.681294
0.68561
0.683468
0.68024
0.678757
0.674935
0.670586
0.664887
0.658265
0.651807
0.64077
0.63059
0.624132
0.619091
0.611876
0.610954
0.604826
0.602091
0.598731
0.59794
0.596523
0.595766
0.596424
0.596985
0.596886
0.59738
0.595535
0.596523
0.596919
0.59593
0.595897
0.597083
0.596655
0.596754
0.596227
0.597215
0.598335
0.596095
0.596424
0.596523
0.596853
0.596919
0.596062
0.596523
0.590725
0.597017
0.595205
0.596655
0.596227
0.596853
0.59593
0.596029
0.59682
0.596161
0.595798
0.59705
0.597611
0.596589
0.595831
0.596622
0.596952
0.596622
0.595996
0.596095
0.595337
0.596062
0.595304
0.596359
0.596359
0.593921
0.596622
0.597116
0.596556
0.596161
0.596853
0.597149
0.595831
0.597545
0.596424
0.596952
0.59649
0.597643
0.596688
0.597545
0.598204
0.596853
0.596424
0.596457
0.596062
0.595436
0.596424
0.596754
0.59649
0.597808
0.596721
0.596985
0.595864
0.596194
0.596721
0.597446
0.596523
0.599719
0.596886
0.596721
0.596754
0.59682
0.595733
0.595963
0.596359
0.596424
0.596754
0.595436
0.596556
0.596523
0.596523
0.596985
0.596886
0.596523
0.596721
0.597083
0.595831
0.59593
0.595667
0.596523
0.596688
0.596556
0.597314
0.596029
0.595469
0.596754
0.596161
0.597314
0.596095
0.596194
0.596688
0.596754
0.59593
0.596062
0.596293
0.59682
0.596424
0.595205
0.596424
0.596095
0.596688
0.596359
0.596787
0.596787
0.596721
0.596293
0.5957
0.595897
0.596523
0.596095
0.596194
0.5957
0.596359
0.596523
0.596326
0.596622
0.596194
0.59682
0.596655
0.597017
0.597083
0.596457
0.595864
0.595996
0.59682
0.597446
0.59649
0.596688
0.596754
0.597347
0.598862
0.596326
0.596523
0.596029
0.596095
0.596655
0.596424
0.596886
0.596754
0.597083
0.596095
0.596523
0.597545
0.598236
0.59649
0.599258
0.5957
0.617576
0.618202
0.620245
0.622518
0.632995
0.635927
0.640078
0.643571
0.647228
0.650292
0.652137
0.65553
0.658363
0.660077
0.664162
0.666205
0.669236
0.671509
0.670026
0.673453
0.676945
0.675397
0.677439
0.67879
0.680932
0.682908
0.684852
0.684786
0.686598
0.686005
0.687224
0.687949
0.689432
0.690058
0.690947
0.691771
0.692529
0.694044
0.695099
0.694868
0.695922
0.695988
0.697537
0.697668
0.697899
0.697932
0.699876
0.70037
0.700304
0.701259
0.701523
0.702676
0.703401
0.703763
0.704917
0.705773
0.705641
0.706037
0.706037
0.707058
0.69981
0.70406
0.70663
0.70663
0.707453
0.706564
0.705213
0.704752
0.704653
0.704225
0.703928
0.704389
0.703698
0.702676
0.70182
0.702907
0.703961
0.702841
0.703599
0.702643
0.703137
0.702116
0.700897
0.70205
0.701918
0.700502
0.700996
0.701194
0.700864
0.700106
0.700403
0.700172
0.700106
0.700765
0.699019
0.698591
0.699052
0.69948
0.698591
0.698097
0.698064
0.697965
0.697141
0.696548
0.697306
0.697668
0.697306
0.694308
0.695922
0.688575
0.687982
0.686401
0.680965
0.679482
0.676912
0.675463
0.668017
0.662613
0.655003
0.646766
0.633785
0.626175
0.62265
0.616225
0.611679
0.606045
0.603969
0.602256
0.598204
0.598434
0.598731
0.596589
0.596293
0.596359
0.596128
0.596886
0.596688
0.597248
0.596622
0.596161
0.596457
0.596161
0.596787
0.596424
0.59626
0.596128
0.596062
0.596589
0.596787
0.596293
0.595304
0.597149
0.596853
0.596227
0.596622
0.597973
0.595798
0.59705
0.596062
0.597512
0.598434
0.596457
0.596029
0.596523
0.59649
0.598698
0.597182
0.59705
0.595766
0.596589
0.596523
0.596655
0.59626
0.596787
0.596886
0.596556
0.596556
0.59649
0.596688
0.596787
0.596523
0.596161
0.596029
0.595238
0.595963
0.595831
0.596589
0.595733
0.59593
0.597314
0.598665
0.595568
0.595963
0.596062
0.596853
0.596754
0.596227
0.596886
0.595996
0.596293
0.595733
0.596655
0.595502
0.596326
0.597347
0.596919
0.596952
0.596457
0.596754
0.596523
0.596853
0.596293
0.59593
0.596457
0.596227
0.597182
0.596227
0.59626
0.596194
0.596227
0.597512
0.596622
0.597215
0.596523
0.596523
0.595864
0.596556
0.597182
0.595634
0.596655
0.595864
0.59593
0.595897
0.596293
0.597347
0.596655
0.59626
0.597512
0.59649
0.596754
0.596622
0.59682
0.595864
0.595864
0.596556
0.596424
0.596523
0.596095
0.597149
0.598072
0.595897
0.596326
0.595766
0.596359
0.596227
0.596326
0.595864
0.59537
0.596919
0.596293
0.597611
0.596589
0.595996
0.596457
0.59626
0.596194
0.596029
0.5957
0.59682
0.597709
0.596556
0.596589
0.595963
0.596952
0.596227
0.596359
0.596424
0.595634
0.596457
0.595963
0.596721
0.596227
0.597479
0.59593
0.596919
0.59626
0.59649
0.596062
0.59649
0.595996
0.596029
0.595733
0.596424
0.595864
0.595337
0.595897
0.596095
0.595798
0.596655
0.593492
0.601663
0.604958
0.622913
0.625219
0.629008
0.634576
0.637146
0.64301
0.645877
0.648677
0.651873
0.653323
0.655234
0.659121
0.662482
0.66403
0.66772
0.670685
0.672333
0.672959
0.673947
0.675495
0.677011
0.677901
0.682513
0.681294
0.683073
0.685676
0.685577
0.684852
0.686697
0.687521
0.688575
0.689695
0.689333
0.692562
0.692199
0.693221
0.694044
0.694967
0.694736
0.695692
0.696779
0.697372
0.697998
0.699085
0.699678
0.69981
0.700205
0.700732
0.701721
0.701984
0.703203
0.704422
0.703632
0.703928
0.70574
0.706004
0.706234
0.706827
0.701622
0.701424
0.707058
0.70607
0.709134
0.706762
0.70607
0.705345
0.703665
0.704192
0.703928
0.704455
0.705048
0.704126
0.702676
0.703269
0.702017
0.703533
0.703401
0.702742
0.702116
0.701227
0.700996
0.701259
0.701688
0.702116
0.700337
0.701161
0.701161
0.700271
0.699546
0.70004
0.699975
0.700008
0.700535
0.699843
0.698261
0.699711
0.699612
0.699316
0.698492
0.698327
0.697009
0.698558
0.698097
0.697668
0.697405
0.697899
0.696383
0.695066
0.680734
0.686434
0.684029
0.679218
0.678164
0.675166
0.672135
0.666402
0.658956
0.652137
0.641001
0.63194
0.624165
0.618663
0.613886
0.611086
0.605353
0.601268
0.5985
0.598269
0.596161
0.595667
0.597215
0.596523
0.596523
0.595864
0.596556
0.597182
0.595634
0.596655
0.595864
0.59593
0.595897
0.596293
0.597347
0.596655
0.59626
0.597512
0.59649
0.596754
0.596622
0.59682
0.595864
0.595864
0.596556
0.596424
0.596523
0.596095
0.597149
0.598072
0.595897
0.596326
0.595766
0.596359
0.596227
0.596326
0.595864
0.59537
0.596919
0.596293
0.597611
0.596589
0.595996
0.596457
0.59626
0.596194
0.596029
0.5957
0.59682
0.597709
0.596556
0.596589
0.595963
0.596952
0.596227
0.596359
0.596424
0.595634
0.596457
0.595963
0.596721
0.596227
0.597479
0.59593
0.596919
0.59626
0.59649
0.596062
0.59649
0.595996
0.596029
0.595733
0.596424
0.595864
0.595337
0.595897
0.596095
0.595798
0.596655
0.593492
0.601663
0.604958
0.622913
0.625219
0.629008
0.634576
0.637146
0.64301
0.645877
0.648677
0.651873
0.653323
0.655234
0.659121
0.662482
0.66403
0.66772
0.670685
0.672333
0.672959
0.673947
0.675495
0.677011
0.677901
0.682513
0.681294
0.683073
0.685676
0.685577
0.684852
0.686697
0.687521
0.688575
0.689695
0.689333
0.692562
0.692199
0.693221
0.694044
0.694967
0.694736
0.695692
0.696779
0.697372
0.697998
0.699085
0.699678
0.69981
0.700205
0.700732
0.701721
0.701984
0.703203
0.704422
0.703632
0.703928
0.70574
0.706004
0.706234
0.706827
0.701622
0.701424
0.707058
0.70607
0.709134
0.706762
0.70607
0.705345
0.703665
0.704192
0.703928
0.704455
0.705048
0.704126
0.702676
0.703269
0.702017
0.703533
0.703401
0.702742
0.702116
0.701227
0.700996
0.701259
0.701688
0.702116
0.700337
0.701161
0.701161
0.700271
0.699546
0.70004
0.699975
0.700008
0.700535
0.699843
0.698261
0.699711
0.699612
0.699316
0.698492
0.698327
0.697009
0.698558
0.698097
0.697668
0.697405
0.697899
0.696383
0.695066
0.680734
0.686434
0.684029
0.679218
0.678164
0.675166
0.672135
0.666402
0.658956
0.652137
0.641001
0.63194
0.624165
0.618663
0.613886
0.611086
0.605353
0.601268
0.5985
0.598269
0.596161
0.595667
