0
0
0
0
0
0
0.01
0
0.09
0
0.062
0.147
0.071
0.083
3.68E-04
0
0
0
0
0
0
0
0
0.073
0
0
0
0
0
0.028
0.078
0
0.031
0
0
0.014
0
0.028
0
0.033
0
0.026
0
0.062
0
0
0
0
0
0.015
0
0
0
0
0
0
0
0
0.078
0.003
0.012
0
0.015
0.07
0.057
0.024
0
0
0.013
0
0.026
0
0.042
0.003
0
0.015
0
0.015
0
0.045
0.059
0
0.122
0.009
0.06
0.057
0.09
0.083
0.039
0.096
0.134
0.092
0.143
0.11
0.205
0.173
0.11
0.218
0.2
0.239
0.212
0.234
0.192
0.22
0.229
0.28
0.239
0.273
0.293
0.333
0.371
0.425
0.374
0.51
0.479
0.509
0.466
0.546
0.524
0.557
0.545
0.591
0.575
0.601
0.595
0.586
0.56
0.55
0.542
0.508
0.523
0.496
0.501
0.508
0.5
0.47
0.468
0.456
0.444
0.403
0.407
0.374
0.367
0.344
0.341
0.335
0.317
0.317
0.292
0.289
0.272
0.249
0.245
0.24
0.22
0.22
0.211
0.188
0.191
0.182
0.159
0.162
0.151
0.157
0.151
0.15
0.156
0.135
0.124
0.129
0.125
0.133
0.119
0.123
0.117
0.127
0.118
0.123
0.106
0.106
0.101
0.101
0.111
0.104
0.102
0.102
0.1
0.087
0.105
0.093
0.096
0.094
0.097
0.099
0.098
0.102
0.1
0.104
0.102
0.108
0.112
0.102
0.105
0.106
0.101
0.103
0.102
0.103
0.118
0.105
0.114
0.111
0.113
0.108
0.111
0.101
0.105
0.112
0.105
0.111
0.107
0.107
0.109
0.11
0.109
0.117
0.118
0.11
0.111
0.116
0.115
0.115
0.112
0.113
0.112
0.114
0.111
0.111
0.11
0.119
0.11
0.109
0.113
0.112
0.109
0.117
0.116
0.108
0.113
0.117
0.117
0.122
0.117
0.121
0.122
0.12
0.121
0.113
0.125
0.111
0.12
0.127
0.12
0.118
0.116
0.112
0.122
0.12
0.113
0.119
0.112
0.106
0.109
0.101
0.105
0.108
0.107
0.1
0.103
0.092
0.099
0.097
0.099
0.096
0.096
0.092
0.091
0.096
0.092
0.098
0.089
0.088
0.085
0.082
0.081
0.074
0.081
0.074
0.065
0.062
0.059
0.065
0.063
0.066
0.062
0.053
0.063
0.059
0.05
0.057
0.055
0.049
0.046
0.053
0.053
0.051
0.053
0.05
0.046
0.05
0.049
0.05
0.044
0.047
0.047
0.047
0.047
0.051
0.047
0.045
0.053
0.041
0.044
0.05
0.052
0.054
0.049
0.05
0.047
0.051
0.048
0.044
0.05
0.05
0.05
0.044
0.056
0.049
0.046
0.051
0.057
0.054
0.054
0.054
0.051
0.043
0.051
0.054
0.049
0.053
0.056
0.061
0.058
0.06
0.062
0.057
0.059
0.06
0.057
0.062
0.064
0.06
0.065
0.064
0.069
0.064
0.067
0.062
0.065
0.06
0.066
0.066
0.068
0.062
0.071
0.067
0.071
0.066
0.069
0.069
0.074
0.067
0.074
0.068
0.072
0.071
0.079
0.072
0.075
0.076
0.071
0.074
0.079
0.078
0.075
0.084
0.075
0.072
0.077
0.081
0.079
0.074
0.075
0.08
0.077
0.078
0.078
0.081
0.081
0.082
0.082
0.08
0.086
0.081
0.087
0.085
0.084
0.095
0.087
0.084
0.088
0.077
0.083
0.081
0.083
0.087
0.088
0.086
0.077
0.086
0.084
0.079
0.08
0.079
0.08
0.085
0.082
0.076
0.071
0.075
0.077
0.078
0.075
0.074
0.073
0.074
0.074
0.079
0.073
0.075
0.074
0.075
0.071
0.068
0.07
0.064
0.074
0.071
0.066
0.063
0.07
0.069
0.076
0.071
0.07
0.073
0.067
0.067
0.072
0.07
0.071
0.074
0.071
0.072
0.072
0.067
0.075
0.077
0.079
0.079
0.07
0.079
0.079
0.079
0.075
0.079
0.081
0.078
0.078
0.083
0.081
0.08
0.09
0.084
0.086
0.093
0.091
0.092
0.092
0.09
0.097
0.103
0.099
0.091
0.107
0.101
0.112
0.115
0.111
0.116
0.111
0.114
0.107
0.126
0.12
0.135
0.135
0.132
0.135
0.135
0.137
0.136
0.138
0.146
0.161
0.156
0.163
0.164
0.17
0.176
0.169
0.173
0.178
0.172
0.188
0.191
0.192
0.191
0.202
0.209
0.213
0.22
0.222
0.225
0.224
0.229
0.227
0.236
0.241
0.251
0.259
0.261
0.267
0.279
0.277
0.28
0.3
0.297
0.299
0.305
0.316
0.322
0.313
0.324
0.33
0.345
0.336
0.343
0.344
0.346
0.352
0.359
0.353
0.36
0.366
0.366
0.369
0.369
0.372
0.365
0.37
0.364
0.364
0.365
0.359
0.368
0.362
0.355
0.356
0.35
0.351
0.338
0.339
0.337
0.324
0.32
0.315
0.314
0.297
0.289
0.279
0.269
0.257
0.256
0.25
0.238
0.241
0.226
0.221
0.208
0.198
0.208
0.201
0.194
0.185
0.189
0.174
0.178
0.168
0.158
0.146
0.131
0.125
0.123
0.128
0.136
0.126
0.121
0.122
0.105
0.099
0.103
0.109
0.097
0.09
0.096
0.09
0.083
0.086
0.091
0.076
0.073
0.071
0.073
0.083
0.081
0.072
0.06
0.067
0.058
0.072
0.058
0.058
0.053
0.051
0.052
0.058
0.047
0.045
0.043
0.039
0.046
0.045
0.043
0.045
0.057
0.036
0.041
0.047
0.039
0.029
0.045
0.036
0.033
0.037
0.038
0.035
0.041
0.042
0.041
0.034
0.032
0.034
0.05
0.044
0.034
0.035
0.03
0.03
0.031
0.033
0.025
0.019
0.021
0.021
0.008
0.015
0.029
0.038
0.04
0.032
0.031
0.034
0.028
0.021
0.015
0.009
0.009
0.018
0.024
0.021
0.005
0.007
0.011
0.007
0.014
0.01
0.02
0.021
0.019
0.028
0.023
0.028
0.019
0.018
0.021
0.029
0.019
0.02
0.004
0.011
0.02
0.018
0.024
0.014
0.016
0.01
0.021
0.02
0.013
0.017
0.006
0.013
0.011
0.009
0.01
0.023
0.026
0.026
0.05
0.081
0.05
0.041
0
0
0
0.005
0.003
0
0.013
0.014
0.016
0.015
0.012
0.004
0.015
0.013
0.002
0.014
0.012
0.014
0.013
0.008
0.01
0.017
0.013
0.01
0.011
0.005
0
0.003
0.017
0.015
0.019
0.011
0.006
0.015
0.013
0.019
0.013
0.012
0.004
0.004
0.009
0.009
0.003
0.008
0.006
0.014
0.006
0.008
0.011
0.013
0.001
0
0.012
0.006
0.008
0.01
0.012
0.012
0.012
0.014
0.006
0.015
0.013
0.02
0.007
0.012
0.008
0.002
0.012
0.011
0.01
0.024
0.017
0.015
0.002
0.005
0.017
0.01
0.011
0.008
0.012
0.007
0.025
0.011
0.024
0.008
0.025
0.019
0.02
0.015
0.017
0.023
0.025
0.028
0.022
0.018
0.03
0.031
0.024
0.033
0.032
0.018
0.024
0.015
0.015
0.037
0.023
0.036
0.03
0.025
0.041
0.044
0.039
0.033
0.037
0.034
0.028
0.033
0.039
0.036
0.038
0.049
0.044
0.04
0.037
0.032
0.034
0.034
0.039
0.038
0.039
0.034
0.036
0.033
0.031
0.036
0.044
0.032
0.032
0.024
0.037
0.037
0.036
0.05
0.042
0.036
0.034
0.036
0.031
0.032
0.037
0.032
0.032
0.034
0.038
0.029
0.036
0.031
0.013
0.036
0.022
0.039
0.03
0.024
0.019
0.02
0.02
0.019
0.022
0.025
0.024
0.027
0.035
0.024
0.039
0.029
0.024
0.023
0.021
0.024
0.031
0.024
0.043
0.024
0.026
0.027
0.031
0.027
0.025
0.038
0.029
0.042
0.041
0.032
0.039
0.043
0.037
0.037
0.038
0.037
0.037
0.031
0.028
0.037
0.036
0.052
0.048
0.04
0.029
0.033
0.042
0.041
0.048
0.047
0.047
0.036
0.03
0.018
0.023
0.032
0.038
0.036
0.046
0.039
0.04
0.02
0.005
0.009
0.016
0.019
0.036
0.032
0.028
0.014
0.007
0.014
0.016
0.027
0.015
0.013
0
0.008
0.006
0.007
0.011
0.007
0.011
0.011
0.019
0.024
0.019
0.008
0
0
0.002
0.008
0.006
0
0
0.007
0.011
0.004
0.013
0.013
0.003
0.009
0
0
0.003
0
0
0
0.004
0.003
0.002
0
0
0
0.005
0.005
0.004
0
7.97E-04
0
0.004
0
0
0
0.003
0.006
0
0.006
0
0
0
0
6.37E-04
0
0.003
0.004
0.004
0.004
0
0
0
0
0
0
0
0
0
0
0.005
0
0.002
0
0.003
0.01
0.008
5.59E-04
0
0
0.011
0
0.002
0
0
0.004
0
0.004
0
0.005
0.003
0.006
0
0
0.006
0.004
0.006
3.63E-05
0.007
0.008
0.001
0.011
0.006
0.007
7.44E-04
0.006
0.004
0.004
0.01
0.004
0
0
0.01
0
0
0.011
0
0
0
0
0.001
0
0
0.001
0
0
0.006
0
0.005
0.012
4.97E-04
0.002
0.001
0.004
0.006
4.28E-04
0.003
9.05E-06
0.009
0
0
0
0
0
0.008
0
0
0
0
0
0
0.003
0.024
0.148
0
0
0
0
0.054
0.009
0.004
4.75E-04
0.005
0.004
0
0.003
0
0
0.002
0.003
0
0
3.23E-04
0.006
0.004
0.007
0
0.007
0
0.004
0.007
0.004
0
0.002
0.002
0
0
0.002
0
0.003
0.003
0
0.002
0
0.009
0
0.002
0
0
4.68E-04
0
0
0
0
0.002
0
0
0
0.001
0
0.004
0
0.001
8.06E-04
0.003
0.002
0.002
0.005
0
0.008
0
0.001
0
0
3.29E-04
1.46E-04
0
0
0.003
0
0.001
0
0.008
0
0.005
0.001
0
0.003
0.006
0.002
0.006
0
0.008
0.003
0.009
0.002
0.002
0.007
0.008
0
0
0
0.006
0
0
0.003
0
1.29E-04
0.002
0.002
0.003
0.004
2.66E-04
0.007
0.001
0.004
0
0.001
8.08E-04
0.007
0.005
4.09E-05
4.71E-04
0
0
0.004
0.002
0
8.35E-04
0.005
4.40E-04
0.002
0.005
0
5.94E-04
0
0.005
4.01E-05
0.004
0.001
0.008
0
0.002
0
0
0.002
0.008
0.001
0
0
0.002
0
0.004
0.004
0.001
0
0.005
0.002
0
0.003
0.002
0
0
0
0.004
0.001
0
0.009
0.003
0.007
0
0.007
0
0
4.48E-04
0.002
0.008
0.004
0.004
0.003
0.01
0
0.006
0.001
0.004
0
0.007
0.005
0.007
0
0.005
0.003
0
0.008
0.006
0.001
0
0
0.008
0.011
0.004
0.006
0.003
0.002
0.008
0.007
0.007
0.003
0.005
0
5.54E-04
4.56E-04
0.007
0.005
0
0.003
0.004
0.004
0
0
0.004
0
0.005
0.004
0.001
0.01
0.009
0.007
0.006
0.003
0.012
0.003
0.006
0.005
0
0.003
0.002
9.03E-04
0.002
0.005
0.008
0.006
0.001
0
5.71E-04
0.006
0.003
0.008
0.007
0.005
0.003
0
0
0
0
4.54E-05
0.008
0.008
0.006
0.009
0.003
0
0
0
0.01
0.008
0.003
0.002
0
0.002
0.005
0.008
0
7.55E-04
0.005
0.003
0.005
0.009
0.007
0.01
0.007
0
0.011
0.003
0.005
0.002
8.03E-04
0.003
0.011
0.008
0.005
8.82E-05
0.002
0.002
0.011
0.008
0.003
0.003
0.007
0.01
0
0
9.07E-04
0.008
0.002
0.002
0.002
6.79E-04
0.009
0.004
0.006
0.007
0.006
0.005
0.003
0.007
0.003
0.01
0.004
0.006
0
0
0.005
0.007
0.011
0.007
0.002
6.79E-04
0
0
0.006
0.004
0.002
0
0.005
0.004
0
0.002
0.007
0.012
0.008
0
0.006
0.005
0.004
0.005
0.006
0
0
0.005
0.008
0.008
0
0.002
0.003
0.003
0.002
0.002
0.003
0
0.007
0.004
0.003
0
0.006
0.001
0
0.003
0.009
0.009
0
0
0.003
0.006
0.002
0.007
0.008
0.012
0.005
0.002
0
0
0
0.003
0.006
0.001
2.13E-04
8.35E-04
0
0.007
0.001
0
0
3.50E-04
0.003
0
0
0.008
0
0.008
0
0.005
0.009
0.004
0
0.007
6.31E-04
0
0.002
0
0
0
0
0
0
0.004
0
0
0.001
0.001
0
0.002
0
0
0.006
0.006
2.69E-04
0.002
0.003
0.005
0.009
0.003
0.005
0.004
0.001
0.002
0
0.002
0.003
0
0.006
0
8.16E-04
6.45E-04
0.005
0
0.001
0
0.001
0
0
0
0
0
0
0.003
0.002
0.005
0
0.007
0
0
0
0
0.002
2.48E-04
0.001
0
0
0
0
0
0
9.42E-04
0.004
0
0
0
0
0
0.005
0
0.002
0.007
5.82E-04
0.005
0
0.006
0
0
0.003
0
0
0
0
0
0.001
0
0
0
0
0
0
0
0
0
0
0.001
7.64E-04
0
0
0
0
0
0.005
0.002
0.004
0
3.30E-05
0
0
0
0.004
0
0
0.002
0
0
0
0
0.002
0
0
0
0
0.007
0.003
0
0
0
0
0
0
5.28E-05
0
0
0
0.002
0
0
8.23E-05
1.37E-04
0
0
0
0
0
0
0
0
0.002
0
0
0
0
0
0.003
0
0
0
0
0.004
0
0
0
0.001
0
0
0
0
0
0
0
0
0
0
0
0
0
0
2.02E-04
0
0
0
0
0
0
0
0
0
0
6.13E-04
0
0
0
0
0
0
0
0
0
0
0.002
0
0
0
0
0
0
0
0
5.22E-04
0
0
0
0
0
0
0
0
0
0
0
0
0
0
0
0
0
0
0
0
0
0
0
0
0
0
0
0
0
0.001
0
0
0
0
0
0
0
0
0
0
0
0
0
0
0
0
0
0
0
0
0
0
0
0
0
0
0
5.99E-04
0
0
0
0.01
0
0
0
0
0
0
0
0
0
0
0
0
0
0
0
0
0
0
0
0
0
0
0
0
0
0
0
0
0
0
0
0
0
0
0
0
0
0
0
0
0
0
0
0
0
0
0
0
0
0
0
0
0
0
0
0
0
0
0
0
0.001
0
0
0
0
0
0
0
4.24E-04
0
0
0
0
0
0
0
0
0
0
0
0
0
0
0
0
0.004
0
0
0
0
0
0
0
0
0
0
0
0
0
0
0
0
0
0
0
0
0
0
0
0
0
0
0
0
0
0
0
0
0
0
0
0
0
0
0
0
0
0
0
0
0
0
0
0
0
0
0
0
0
0
0
0.003
0
0
0
0
0
0
0
0
0
0
0
0
0
0
0
0
0
0
0
0
0
0
0
0
0
0
0
0
0
0
0
0
0
0
0
0
0
0
0
0
0
0
5.62E-04
0
0
0
0
0
0
0
0
0
0
0
0
0
0
0
0
0
0
