7.63
7.63
7.51
7.63
7.63
7.63
7.63
7.75
7.63
7.63
7.63
7.63
7.51
7.63
7.63
7.63
7.63
7.63
7.51
7.63
7.63
7.63
7.63
7.63
7.51
7.63
7.63
7.63
7.63
7.63
7.63
7.63
7.51
7.63
7.51
7.51
7.51
7.51
7.51
7.63
7.51
7.51
7.38
7.38
7.38
7.38
7.38
7.38
7.38
7.38
7.38
7.38
7.38
7.38
7.38
7.38
7.26
7.38
7.38
7.38
7.38
7.26
7.26
7.38
7.26
7.26
7.26
7.26
7.14
7.26
7.26
7.26
7.26
7.26
7.14
7.14
7.26
7.14
7.14
7.14
7.14
7.14
7.14
7.14
7.14
7.14
7.14
7.14
7.14
7.14
7.02
7.14
7.02
7.14
7.14
7.14
7.14
7.14
7.14
7.02
7.02
7.14
7.02
7.14
7.02
7.14
7.02
7.02
7.02
7.02
7.02
7.02
7.02
7.02
7.02
7.02
7.02
7.02
6.9
7.02
7.02
6.9
6.9
6.9
6.9
6.9
6.9
6.9
6.9
6.9
6.9
6.9
6.9
6.9
6.9
7.02
6.9
6.9
6.9
6.9
6.9
6.9
6.9
6.9
6.9
6.78
6.78
6.78
6.78
6.78
6.9
6.9
6.9
6.9
6.9
6.9
6.78
6.9
6.9
6.78
6.78
6.9
6.9
6.78
6.9
6.9
6.9
6.9
6.78
6.78
6.78
6.9
6.9
7.02
7.14
7.51
7.87
8.35
8.72
9.44
9.93
10.53
11.02
11.74
12.23
12.96
13.32
13.93
14.29
14.77
14.89
15.14
15.26
15.38
15.26
15.26
15.14
15.02
14.89
14.77
14.77
14.65
14.53
14.53
14.53
14.41
14.41
14.29
14.29
14.29
14.17
14.17
14.17
14.17
14.17
14.05
14.05
14.05
14.05
14.05
14.05
14.05
14.17
14.89
15.5
16.47
17.2
18.65
19.5
20.95
21.92
23.49
24.34
25.31
25.8
26.4
26.64
26.76
26.76
26.52
26.16
25.8
25.55
25.31
25.19
25.07
24.83
24.83
24.71
24.58
24.46
24.34
24.22
24.22
24.1
24.1
24.1
23.98
23.86
23.86
23.74
23.74
23.62
23.62
23.62
23.49
23.62
24.46
25.31
26.76
27.73
29.43
30.64
32.34
33.67
35.37
36.21
37.3
37.79
38.51
38.76
39
38.88
38.76
38.51
38.15
37.79
37.55
37.18
37.06
36.94
36.7
36.58
36.46
36.33
36.21
36.09
35.97
35.73
35.73
35.61
35.49
35.49
35.37
35.37
35.24
35.12
35.12
35
35
34.88
34.88
34.88
34.76
34.76
34.76
34.64
34.76
35.24
36.21
37.3
39.12
40.33
42.27
43.48
45.3
46.51
48.33
49.3
50.63
51.23
51.96
52.32
52.57
52.69
52.57
52.32
51.96
51.6
51.23
50.87
50.75
50.51
50.26
50.02
49.9
49.78
49.54
49.42
49.3
49.3
49.05
48.93
48.93
48.81
48.69
48.57
48.57
48.45
48.45
48.33
48.2
48.2
48.08
48.08
48.08
47.96
47.84
47.84
47.72
47.6
47.6
47.48
47.48
47.36
47.72
48.45
50.26
51.84
54.38
56.2
58.62
60.08
62.26
63.47
64.92
65.53
66.25
66.5
66.37
66.13
65.53
65.16
64.8
64.56
64.19
63.95
63.83
63.59
63.35
63.23
63.1
62.86
62.74
62.62
62.38
62.38
62.13
62.13
62.13
62.01
61.89
61.77
61.77
61.65
61.65
61.53
61.53
61.41
61.41
61.29
61.29
61.17
61.17
61.04
61.04
60.92
60.8
60.8
60.68
60.68
60.68
60.56
60.56
60.44
60.44
60.44
60.68
61.29
62.74
63.95
66.5
68.07
70.61
72.19
74.49
75.94
77.64
78.49
79.46
79.7
80.06
80.06
79.7
79.21
78.73
78.25
78
77.64
77.4
77.16
76.91
76.67
76.43
76.31
76.19
75.94
75.82
75.7
75.46
75.46
75.22
75.22
75.1
74.97
74.85
74.73
74.73
74.61
74.49
74.37
74.37
74.37
74.37
74.49
74.73
74.73
75.1
75.22
75.34
75.34
75.58
75.58
75.7
75.82
76.67
77.88
80.18
81.88
84.67
86.36
89.03
90.72
93.02
94.23
95.81
96.54
97.38
97.51
97.63
97.63
97.26
96.78
96.29
95.93
95.57
95.2
94.96
94.72
94.48
94.36
94.11
93.87
93.75
93.63
93.39
93.39
93.14
93.14
92.9
92.78
92.66
92.54
92.54
92.42
92.3
92.18
92.05
91.93
91.93
91.81
91.69
91.57
91.45
91.45
91.33
91.21
91.21
91.09
90.96
90.96
91.69
92.3
94.23
95.57
97.99
99.81
102.71
104.41
106.95
108.41
110.1
110.95
111.8
112.16
112.4
112.4
112.28
111.92
111.44
111.07
110.71
110.59
110.22
110.1
109.86
109.74
109.62
109.38
109.13
109.01
108.89
108.77
108.65
108.53
108.41
108.29
108.29
108.29
108.29
108.29
108.41
108.41
108.41
108.53
108.65
108.65
108.89
108.77
108.89
108.89
108.77
108.65
108.77
109.13
110.71
112.28
115.07
116.89
119.79
121.73
124.52
125.97
127.91
128.76
129.73
129.97
129.97
129.73
129.12
128.76
128.15
127.91
127.55
127.3
127.06
126.82
126.58
126.46
126.33
126.09
125.85
125.73
125.73
125.61
125.37
125.37
125.12
125
124.88
124.88
124.76
124.64
124.52
124.4
124.27
124.27
124.27
124.03
124.03
123.91
123.79
123.67
123.67
123.67
123.43
123.43
123.43
123.31
123.31
123.18
123.18
123.06
123.06
123.06
123.06
122.94
122.94
122.82
122.7
122.7
122.7
122.7
123.55
124.52
126.58
128.15
130.94
132.88
135.78
137.48
139.9
141.23
142.69
143.29
143.9
144.14
144.26
144.02
143.78
143.41
143.17
143.05
142.81
142.57
142.44
142.32
142.08
141.96
141.84
141.6
141.48
141.35
141.11
141.11
140.87
140.75
140.63
140.63
140.51
140.39
140.26
140.14
140.14
139.9
139.9
139.78
139.66
139.66
139.54
139.54
139.42
139.42
139.3
139.17
139.17
139.05
139.05
139.05
138.93
138.93
138.81
138.81
138.81
138.69
138.69
138.69
138.57
138.45
138.45
138.33
138.45
138.33
138.33
138.2
138.2
138.57
139.9
140.87
142.69
144.02
146.08
147.53
149.71
151.17
153.47
154.8
156.62
157.34
158.19
158.43
158.43
158.19
157.83
157.59
157.34
157.1
156.86
156.74
156.5
156.37
156.25
156.13
155.89
155.89
155.65
155.53
155.41
155.28
155.16
155.16
155.04
154.92
154.92
154.68
154.68
154.68
154.56
154.56
154.44
154.44
154.44
154.32
154.32
154.32
154.32
154.32
154.19
154.19
154.07
153.95
153.95
153.83
153.71
153.59
153.59
153.59
153.59
153.47
153.47
153.35
153.35
153.35
153.23
153.23
153.23
153.1
153.1
152.98
152.98
152.98
152.98
152.86
152.74
152.74
152.86
152.74
152.74
152.62
152.74
152.62
152.62
152.5
152.5
152.5
152.5
152.38
152.38
152.26
152.38
152.26
152.26
152.26
152.26
152.13
152.13
152.13
152.13
152.01
152.01
152.01
151.89
151.89
152.01
151.89
151.89
151.77
151.77
151.77
151.77
151.77
151.77
151.65
151.65
151.53
151.65
151.53
151.65
151.65
151.65
151.53
151.65
151.53
151.53
151.53
151.41
151.41
151.41
151.41
151.41
151.29
151.29
151.29
151.29
151.17
151.29
151.29
151.29
151.29
151.41
151.41
151.41
151.41
151.41
151.53
151.41
151.41
151.41
151.41
151.29
151.29
151.29
151.17
151.29
151.17
151.17
151.17
151.17
151.17
151.17
151.04
151.04
151.04
150.8
150.68
150.44
150.2
149.83
149.59
149.23
148.86
148.62
148.38
147.9
147.77
147.41
147.17
146.81
146.56
146.32
146.2
145.96
145.84
145.72
145.35
145.35
145.23
145.23
145.11
145.23
145.11
145.11
145.11
145.23
145.11
145.23
145.23
145.23
145.23
145.23
145.23
145.35
145.23
145.35
145.35
145.35
145.35
145.35
145.35
145.35
145.35
145.35
145.35
145.35
145.35
145.35
145.35
145.47
145.35
145.35
145.35
145.47
145.35
145.35
145.35
145.35
145.35
145.47
145.35
145.35
145.35
145.35
145.35
145.35
145.35
145.47
145.47
145.47
145.47
145.47
145.59
145.72
145.72
145.84
145.84
145.84
145.84
145.84
145.72
145.72
145.59
145.72
145.72
145.59
145.59
145.59
145.59
145.72
145.47
145.59
145.47
145.47
145.47
145.47
145.47
145.47
145.47
145.47
145.47
145.47
145.35
145.35
145.35
145.35
145.35
145.35
145.35
145.35
145.35
145.35
145.23
145.23
145.23
145.23
145.23
145.23
145.23
145.23
145.11
145.11
145.11
145.23
145.11
145.11
145.11
145.11
145.11
145.11
145.11
145.11
145.11
145.11
145.11
145.11
144.99
145.11
144.99
144.99
144.99
144.99
144.99
144.99
144.99
144.99
144.87
144.99
144.87
144.99
144.87
144.87
144.87
144.87
144.99
144.87
144.87
144.87
144.87
144.75
144.87
144.87
144.87
144.99
144.75
144.75
144.75
144.75
144.75
144.87
144.75
144.75
144.75
144.87
144.87
144.99
144.99
145.11
144.99
145.11
144.99
144.99
144.87
144.87
144.75
144.75
144.62
144.62
144.5
144.38
144.38
144.38
144.38
144.26
144.26
144.14
144.14
144.02
144.02
143.9
143.9
143.9
143.78
143.78
143.66
143.66
143.66
143.53
143.53
143.53
143.53
143.41
143.29
143.29
143.17
143.17
143.05
143.05
142.93
142.93
142.93
142.81
142.81
142.81
142.69
142.57
142.57
142.57
142.44
142.44
142.32
142.32
142.32
142.2
142.2
142.2
142.08
142.08
141.96
141.96
141.84
141.96
141.84
141.72
141.6
141.6
141.48
141.35
141.35
141.35
141.23
141.23
141.11
141.11
140.99
140.87
140.87
140.87
140.75
140.75
140.63
140.63
140.51
140.39
140.39
140.26
140.26
140.14
140.14
140.14
140.02
140.02
139.9
140.02
139.9
139.9
139.9
139.9
139.78
139.9
139.78
139.78
139.66
139.66
139.54
139.42
139.3
139.3
139.17
139.17
139.05
138.93
138.81
138.81
138.69
138.69
138.57
138.45
138.33
138.33
138.2
138.2
138.08
138.08
137.96
137.96
137.84
137.84
137.72
137.72
137.6
137.72
137.48
137.48
137.36
137.36
137.24
137.24
137.11
136.99
136.99
136.87
136.75
136.75
136.63
136.51
136.51
136.51
136.39
136.27
136.27
136.27
136.15
136.02
136.02
136.02
135.9
135.78
135.78
135.66
135.54
135.54
135.42
135.42
135.3
135.3
135.18
135.06
135.06
134.93
134.93
134.81
134.69
134.69
134.57
134.57
134.45
134.45
134.33
134.21
134.09
134.09
134.09
133.97
133.97
133.97
133.97
133.97
133.84
133.97
133.97
133.97
133.84
133.72
133.6
133.6
133.48
133.36
133.36
133.12
133
132.88
132.88
132.75
132.63
132.63
132.51
132.27
132.27
132.15
132.15
131.91
131.91
131.79
131.79
131.66
131.66
131.54
131.54
131.42
131.42
131.3
131.18
131.18
131.06
130.94
130.82
130.69
130.69
130.57
130.45
130.45
130.33
130.33
130.21
130.09
129.97
129.85
129.85
129.73
129.6
129.48
129.36
129.24
129.24
129.12
129
129
128.76
128.76
128.64
128.51
128.39
128.39
128.15
128.15
128.03
127.91
127.79
127.79
127.67
127.55
127.42
127.3
127.3
127.18
127.06
126.94
126.82
126.7
126.58
126.58
126.46
126.33
126.33
126.33
126.21
126.09
126.09
126.09
126.09
126.09
126.09
126.09
126.09
126.21
126.09
126.09
126.09
126.09
125.97
125.85
125.85
125.73
125.61
125.61
125.49
125.37
125.37
125.24
125.12
125.12
125
124.76
124.64
124.4
124.4
124.15
123.91
123.79
123.67
123.55
123.43
123.31
123.31
123.06
123.06
122.94
122.82
122.7
122.58
122.58
122.46
122.34
122.22
122.22
121.97
121.85
121.85
121.73
121.61
121.49
121.37
121.37
121.37
121.13
121.13
121
120.88
120.76
120.76
120.64
120.64
120.52
120.4
120.28
120.16
120.16
120.04
120.04
119.91
119.79
119.67
119.67
119.55
119.43
119.31
119.31
119.19
119.07
119.07
118.95
118.82
118.82
118.7
118.58
118.58
118.58
118.34
118.34
118.22
118.1
117.98
117.98
117.86
117.86
117.73
117.73
117.73
117.73
117.73
117.86
117.86
117.86
117.98
117.98
117.98
118.1
117.98
118.1
118.1
117.98
117.98
117.86
117.73
117.61
117.61
117.49
117.49
117.37
117.25
117.13
117.01
116.89
116.76
116.64
116.52
116.28
116.16
116.04
115.92
115.8
115.67
115.55
115.43
115.31
115.31
115.19
115.07
114.83
114.71
114.71
114.46
114.46
114.22
114.22
114.1
113.98
113.74
113.62
113.62
113.49
113.37
113.25
113.25
113.13
113.01
112.89
112.89
112.77
112.77
112.65
112.53
112.4
112.28
112.28
112.16
112.04
112.04
112.04
111.92
111.8
111.68
111.68
111.56
111.44
111.31
111.19
111.19
111.07
111.07
110.95
110.95
110.83
110.71
110.71
110.59
110.47
110.47
110.34
110.22
110.22
110.1
110.1
109.98
109.98
109.98
110.22
110.1
110.34
110.34
110.47
110.47
110.59
110.59
110.59
110.59
110.59
110.47
110.47
110.34
110.34
110.22
110.22
110.1
110.1
109.98
109.98
109.86
109.74
109.62
109.62
109.5
109.25
109.13
109.13
109.13
108.89
108.89
108.77
108.65
108.65
108.41
108.41
108.29
108.16
108.04
107.92
107.8
107.8
107.56
107.44
107.44
107.2
107.2
107.07
106.83
106.71
106.59
106.47
106.35
106.23
106.11
105.98
105.86
105.86
105.74
105.62
105.62
105.5
105.38
105.38
105.26
105.26
105.14
105.02
105.02
104.89
104.77
104.77
104.65
104.65
104.53
104.41
104.29
104.29
104.17
104.05
104.05
104.05
104.05
103.93
103.93
104.05
104.05
104.17
104.29
104.41
104.41
104.65
104.65
104.77
104.65
104.65
104.65
104.65
104.65
104.65
104.65
104.65
104.65
104.65
104.53
104.53
104.41
104.29
104.29
104.05
104.05
103.8
103.8
103.56
103.44
103.32
103.2
103.2
102.96
102.96
102.83
102.83
102.59
102.59
102.35
102.35
102.11
102.11
101.99
101.87
101.74
101.62
101.5
101.38
101.38
101.14
101.02
100.9
100.9
100.65
100.65
100.53
100.41
100.29
100.17
100.17
100.05
99.93
99.93
99.69
99.69
99.56
99.44
99.32
99.32
99.32
99.2
99.08
99.2
99.08
98.96
98.96
98.72
98.6
98.6
98.47
98.47
98.35
98.23
98.23
98.11
98.23
98.23
98.35
98.35
98.6
98.6
98.84
98.96
99.08
99.2
99.2
99.32
99.44
99.44
99.44
99.56
99.56
99.69
99.69
99.69
99.81
99.69
99.69
99.69
99.56
99.56
99.32
99.2
99.08
98.96
98.96
98.84
98.6
98.47
98.47
98.35
98.23
98.11
97.99
97.87
97.75
97.63
97.51
97.51
97.38
97.26
97.26
97.02
96.9
96.9
96.78
96.66
96.54
96.54
96.41
96.29
96.17
96.05
96.05
95.81
95.69
95.69
95.57
95.45
95.32
95.32
95.32
95.08
95.08
94.96
94.84
94.72
94.72
94.6
94.6
94.36
94.36
94.23
94.11
93.99
93.87
93.87
93.75
93.63
93.63
93.39
93.39
93.27
93.27
93.14
93.02
92.9
92.78
92.78
92.66
92.66
92.66
92.54
92.54
92.66
92.78
92.78
93.14
93.14
93.39
93.51
93.63
93.63
93.87
93.87
93.99
93.99
94.11
94.11
94.23
94.23
94.23
94.23
94.23
94.11
93.99
93.99
93.87
93.87
93.63
93.51
93.39
93.14
93.02
92.9
92.78
92.66
92.54
92.42
92.3
92.3
92.18
92.18
92.05
92.05
91.93
91.81
91.69
91.57
91.57
91.45
91.33
91.33
91.21
91.21
91.09
90.84
90.84
90.72
90.72
90.48
90.48
90.36
90.24
90.24
90.12
90
90
89.87
89.75
89.75
89.63
89.51
89.39
89.39
89.27
89.15
89.03
89.03
88.9
88.9
88.78
88.66
88.54
88.54
88.42
88.42
88.3
88.18
88.06
88.06
87.94
87.94
87.81
87.69
87.69
87.57
87.57
87.57
87.69
87.69
87.81
87.94
88.18
88.18
88.3
88.42
88.54
88.54
88.66
88.66
88.78
88.66
88.78
88.78
88.66
88.66
88.66
88.54
88.54
88.42
88.3
88.18
88.06
87.94
87.81
87.69
87.57
87.45
87.33
87.33
87.09
87.09
87.09
86.97
86.97
86.85
86.72
86.6
86.48
86.48
86.48
86.36
86.36
86.24
86.12
86.12
86
85.88
85.88
85.76
85.63
85.63
85.51
85.39
85.39
85.27
85.15
85.03
85.03
84.91
84.79
84.79
84.67
84.67
84.54
84.42
84.3
84.3
84.3
84.18
84.06
84.06
83.94
83.94
83.82
83.82
83.7
83.58
83.7
83.58
83.45
83.45
83.33
83.09
83.09
83.09
82.97
82.97
82.85
82.85
82.85
82.85
83.09
83.09
83.21
83.33
83.45
83.58
83.7
83.82
83.94
83.94
83.94
83.94
83.94
83.94
83.94
83.94
83.94
83.94
83.82
83.82
83.82
83.7
83.58
83.45
83.21
83.21
83.09
82.97
82.85
82.73
82.73
82.61
82.48
82.36
82.36
82.24
82.24
82.12
82.12
82
82
82
81.88
81.76
81.76
81.64
81.64
81.52
81.52
81.39
81.39
81.27
81.15
81.03
81.03
80.91
80.79
80.67
80.67
80.55
80.55
80.43
80.43
80.3
80.18
80.18
80.06
80.06
79.94
79.82
79.82
79.7
79.7
79.58
79.58
79.46
79.46
79.34
79.21
79.21
79.09
79.09
78.97
78.97
78.97
78.85
78.85
78.73
78.61
78.49
78.37
78.37
78.37
78.25
78.25
78.12
78.12
78.25
78.37
78.37
78.61
78.73
78.85
78.85
79.09
79.09
79.21
79.21
79.21
79.21
79.21
79.21
79.34
79.21
79.21
79.09
79.09
79.09
78.97
78.85
78.73
78.61
78.49
78.49
78.25
78.12
78.12
78
77.88
77.88
77.76
77.64
77.64
77.52
77.52
77.4
77.4
77.28
77.28
77.16
77.16
77.03
77.03
76.91
76.91
76.79
76.67
76.67
76.67
76.67
76.43
76.31
76.31
76.19
76.19
76.19
76.06
75.94
75.94
75.82
75.82
75.7
75.58
75.58
75.46
75.46
75.34
75.22
75.22
75.22
75.22
75.22
75.1
75.1
74.97
74.85
74.73
74.73
74.73
74.61
74.61
74.49
74.49
74.37
74.25
74.25
74.13
74.13
74.13
74.01
74.01
73.88
73.88
73.76
73.76
73.76
73.88
74.01
74.13
74.25
74.25
74.37
74.49
74.49
74.49
74.49
74.49
74.49
74.49
74.49
74.37
74.37
74.37
74.25
74.25
74.13
74.01
74.01
73.88
73.76
73.76
73.52
73.52
73.4
73.4
73.28
73.28
73.16
73.16
73.16
73.04
73.04
72.92
72.92
72.79
72.79
72.79
72.67
72.67
72.55
72.43
72.55
72.43
72.31
72.31
72.31
72.07
72.07
72.07
71.95
71.83
71.83
71.7
71.58
71.58
71.58
71.46
71.46
71.34
71.34
71.34
71.34
71.1
71.1
71.1
71.1
70.98
70.98
70.98
70.86
70.86
70.74
70.61
70.61
70.61
70.49
70.49
70.37
70.37
70.37
70.37
70.37
70.37
70.61
70.74
70.74
70.86
70.98
70.98
71.1
71.1
71.1
71.1
71.1
71.1
71.1
71.1
70.98
70.98
70.86
70.86
70.86
70.74
70.74
70.61
70.61
70.49
70.37
70.37
70.25
70.13
70.13
70.01
69.89
69.89
69.89
69.77
69.65
69.65
69.65
69.65
69.52
69.52
69.4
69.28
69.28
69.28
69.16
69.16
69.16
69.04
68.92
68.92
68.8
68.8
68.68
68.68
68.68
68.55
68.43
68.43
68.43
68.31
68.19
68.19
68.19
68.07
67.95
67.95
67.95
67.95
67.83
67.83
67.71
67.59
67.59
67.59
67.46
67.46
67.34
67.34
67.34
67.34
67.22
67.22
67.1
66.98
66.98
66.98
66.86
66.86
66.74
66.86
66.74
66.86
66.86
67.1
67.1
67.22
67.34
67.46
67.46
67.46
67.46
67.46
67.59
67.46
67.46
67.46
67.46
67.46
67.34
67.34
67.34
67.22
67.22
67.1
66.98
66.98
66.86
66.74
66.62
66.74
66.5
66.5
66.5
66.37
66.25
66.25
66.25
66.13
66.13
66.13
66.01
66.01
66.01
66.01
65.89
65.77
65.77
65.77
65.65
65.65
65.53
65.53
65.41
65.41
65.28
65.28
65.16
65.16
65.04
65.04
65.04
64.92
64.92
64.92
64.8
64.8
64.68
64.68
64.56
64.56
64.56
64.56
64.44
64.44
64.32
64.44
64.32
64.19
64.19
64.07
64.07
64.07
64.07
63.95
63.83
63.83
63.83
63.83
63.71
63.71
63.59
63.59
63.47
63.47
63.35
63.35
63.35
63.23
63.23
63.23
63.23
63.35
63.47
63.59
63.71
63.83
63.83
63.95
63.95
63.95
64.07
63.95
63.95
63.95
63.95
63.95
63.83
63.83
63.83
63.71
63.83
63.71
63.59
63.59
63.47
63.47
63.35
63.23
63.1
63.1
63.1
62.98
62.98
62.86
62.86
62.86
62.86
62.74
62.62
62.62
62.62
62.62
62.62
62.5
62.5
62.38
62.38
62.38
62.26
62.26
62.13
62.13
62.13
62.01
61.89
61.89
61.77
61.77
61.77
61.77
61.65
61.65
61.53
61.41
61.41
61.41
61.29
61.41
61.17
61.17
61.17
61.17
61.04
61.04
61.04
60.92
60.92
60.8
60.8
60.68
60.68
60.68
60.56
60.56
60.44
60.32
60.44
60.32
60.32
60.2
60.2
60.2
60.2
60.08
59.95
59.95
59.95
59.83
59.83
59.83
59.83
59.71
59.71
59.83
59.95
60.2
60.2
60.32
60.44
60.44
60.56
60.44
60.44
60.44
60.44
60.44
60.44
60.44
60.32
60.32
60.32
60.2
60.08
60.2
60.08
59.95
59.83
59.83
59.71
59.59
59.59
59.47
59.47
59.35
59.35
59.23
59.23
59.23
59.23
59.23
59.11
58.99
58.99
58.99
58.99
58.99
58.86
58.74
58.74
58.74
58.74
58.62
58.62
58.5
58.38
58.5
58.38
58.26
58.14
58.14
58.14
58.02
57.9
58.02
57.9
57.9
57.77
57.77
57.65
57.65
57.53
57.65
57.65
57.53
57.53
57.41
57.41
57.29
57.17
57.17
57.17
57.05
57.05
57.05
57.05
57.05
56.93
57.05
56.81
56.81
56.68
56.68
56.68
56.56
56.56
56.56
56.44
56.44
56.32
56.2
56.32
56.32
56.32
56.32
56.44
56.56
56.56
56.68
56.81
56.93
56.93
56.93
56.93
56.93
56.93
56.93
56.81
56.81
56.81
56.68
56.68
56.44
56.56
56.56
56.44
56.32
56.32
56.2
56.08
56.08
55.96
55.84
55.84
55.72
55.72
55.72
55.72
55.59
55.59
55.59
55.59
55.59
55.59
55.47
55.59
55.47
55.35
55.35
55.35
55.23
55.23
55.11
55.11
55.11
54.99
54.99
54.87
54.87
54.75
54.75
54.62
54.62
54.62
54.62
54.5
54.38
54.38
54.38
54.38
54.26
54.26
54.14
54.14
54.14
54.02
54.02
54.02
53.9
53.9
53.9
53.9
53.9
53.9
53.78
53.78
53.78
53.66
53.66
53.53
53.41
53.41
53.41
53.41
53.41
53.29
53.41
53.41
53.53
53.53
53.66
53.66
53.78
53.78
53.9
53.9
53.9
53.9
53.9
53.9
53.9
53.9
53.78
53.78
53.66
53.53
53.66
53.53
53.53
53.41
53.41
53.41
53.29
53.17
53.17
53.17
52.93
52.93
52.93
52.93
52.93
52.93
52.81
52.81
52.81
52.69
52.69
52.69
52.69
52.57
52.69
52.57
52.44
52.44
52.44
52.32
52.32
52.2
52.32
52.2
52.2
52.08
52.08
51.96
51.96
51.96
51.96
51.72
51.72
51.72
51.72
51.72
51.72
51.6
51.6
51.48
51.48
51.48
51.48
51.48
51.35
51.23
51.35
51.23
51.23
51.23
51.11
51.11
51.11
50.99
50.99
50.99
50.87
50.87
50.75
50.75
50.75
50.75
50.63
50.75
50.63
50.63
50.63
50.51
50.51
50.51
50.63
50.63
50.87
50.87
50.99
50.99
51.11
51.11
51.23
51.11
51.11
51.11
51.23
50.99
50.99
50.99
50.99
50.87
50.99
50.75
50.75
50.75
50.75
50.63
50.51
50.51
50.51
50.39
50.26
50.26
50.26
50.14
50.14
50.14
50.14
50.02
50.02
50.02
50.02
50.02
49.9
49.9
49.9
49.9
49.78
49.78
49.66
49.66
49.78
49.66
49.54
49.54
49.54
49.42
49.42
49.42
49.3
49.3
49.17
49.17
49.05
49.05
49.05
49.05
49.05
49.05
48.93
48.93
48.93
48.93
48.81
48.81
48.81
48.69
48.69
48.69
48.57
48.57
48.57
48.45
48.57
48.45
48.45
48.33
48.33
48.33
48.33
48.33
48.2
48.2
48.08
48.08
48.08
48.08
47.96
47.96
47.96
47.84
47.84
47.84
47.84
47.84
48.08
48.08
48.2
48.33
48.33
48.33
48.45
48.45
48.45
48.33
48.45
48.33
48.33
48.2
48.33
48.2
48.08
48.08
48.08
48.08
47.96
47.96
47.84
47.84
47.72
47.6
47.6
47.6
47.6
47.6
47.48
47.48
47.48
47.48
47.48
47.36
47.36
47.36
47.36
47.36
47.36
47.24
47.24
47.24
47.11
47.24
47.11
46.99
46.87
46.99
46.87
46.87
46.87
46.87
46.75
46.63
46.63
46.63
46.63
46.51
46.51
46.51
46.51
46.39
46.39
46.39
46.39
46.27
46.27
46.27
46.15
46.15
46.02
46.02
46.15
46.02
45.9
45.9
45.9
45.9
45.9
45.9
45.78
45.78
45.66
45.66
45.66
45.66
45.54
45.54
45.54
45.54
45.54
45.42
45.42
45.42
45.54
45.66
45.66
45.66
45.78
45.78
45.9
45.9
45.9
45.9
45.9
45.9
45.9
45.78
45.78
45.78
45.66
45.66
45.54
45.66
45.54
45.54
45.42
45.42
45.3
45.3
45.18
45.18
45.18
45.06
45.06
45.06
45.06
45.06
44.93
44.93
44.93
44.93
44.93
44.93
44.93
44.81
44.81
44.81
44.69
44.69
44.69
44.57
44.57
44.57
44.45
44.45
44.33
44.33
44.33
44.33
44.21
44.21
44.21
44.09
44.09
44.09
44.09
43.97
44.09
43.97
43.97
43.97
43.97
43.84
43.84
43.72
43.72
43.72
43.72
43.6
43.6
43.6
43.6
43.6
43.48
43.48
43.48
43.36
43.36
43.36
43.24
43.24
43.24
43.24
43.24
43.24
43.12
43.12
43.12
43.12
43.12
43
43
43
43
43.12
43.12
43.24
43.24
43.36
43.36
43.36
43.36
43.36
43.36
43.48
43.24
43.24
43.24
43.24
43.24
43.12
43.12
43.12
43.12
43
43
43
43
42.88
42.75
42.75
42.75
42.63
42.75
42.63
42.63
42.63
42.63
42.63
42.51
42.51
42.51
42.39
42.51
42.51
42.39
42.39
42.39
42.39
42.39
42.27
42.27
42.27
42.15
42.03
42.03
42.03
42.03
41.91
41.91
41.91
41.79
41.79
41.79
41.79
41.79
41.79
41.79
41.66
41.66
41.66
41.66
41.66
41.66
41.54
41.54
41.54
41.54
41.42
41.42
41.42
41.42
41.42
41.3
41.3
41.3
41.3
41.18
41.18
41.3
41.18
41.18
41.18
41.06
41.06
41.06
41.06
41.06
41.06
41.3
41.3
41.3
41.42
41.42
41.42
41.54
41.42
41.42
41.42
41.42
41.3
41.3
41.18
41.18
41.18
41.18
41.06
41.06
41.06
41.06
41.06
40.94
40.82
40.82
40.82
40.82
40.69
40.69
40.69
40.69
40.57
40.69
40.69
40.57
40.57
40.57
40.57
40.57
40.57
40.57
40.45
40.45
40.45
40.45
40.33
40.33
40.33
40.33
40.33
40.21
40.09
40.09
40.09
39.97
39.97
39.97
39.97
39.97
39.85
39.85
39.85
39.85
39.85
39.85
39.85
39.73
39.73
39.6
39.6
39.73
39.6
39.6
39.48
39.6
39.6
39.48
39.36
39.48
39.48
39.36
39.36
39.36
39.24
39.24
39.24
39.24
39.24
39.12
39.12
39.12
39
39.12
39.12
39.24
39.24
39.36
39.36
39.48
39.48
39.6
39.48
39.6
39.48
39.48
39.48
39.48
39.48
39.36
39.36
39.36
39.36
39.36
39.24
39.24
39.12
39.12
39.12
39.12
39.12
39
39
39
39
38.88
38.88
38.88
38.76
38.88
38.76
38.76
38.64
38.76
38.64
38.76
38.64
38.64
38.64
38.64
38.51
38.51
38.51
38.51
38.51
38.39
38.39
38.39
38.27
38.39
38.27
38.27
38.27
38.27
38.15
38.15
38.15
38.15
38.15
38.15
38.03
38.03
38.03
37.91
37.91
37.91
37.91
37.91
37.79
37.79
37.79
37.91
37.79
37.79
37.67
37.67
37.67
37.67
37.67
37.67
37.55
37.67
37.55
37.55
37.55
37.55
37.55
37.55
37.42
37.42
37.3
37.42
37.3
37.42
37.3
37.3
37.3
37.42
37.42
37.55
37.55
37.67
37.67
37.67
37.67
37.79
37.79
37.79
37.79
37.67
37.67
37.67
37.67
37.67
37.67
37.67
37.67
37.55
37.55
37.55
37.42
37.42
37.3
37.42
37.3
37.3
37.18
37.18
37.18
37.18
37.18
37.18
37.06
37.18
37.18
37.06
36.94
37.06
37.06
36.94
36.94
36.94
36.94
36.82
36.82
36.94
36.82
36.82
36.7
36.7
36.7
36.7
36.58
36.58
36.46
36.58
36.46
36.46
36.46
36.46
36.46
36.46
36.33
36.46
36.33
36.33
36.33
36.21
36.21
36.21
36.21
36.21
36.21
36.21
36.21
36.09
36.09
36.09
36.09
35.97
35.97
35.97
35.97
35.97
35.85
35.85
35.85
35.85
35.73
35.73
35.73
35.73
35.73
35.61
35.61
35.61
35.73
35.61
35.61
35.61
35.61
35.73
35.73
35.85
35.85
35.97
35.97
35.97
35.85
35.97
35.85
35.97
35.97
35.97
35.85
35.85
35.73
35.73
35.73
35.73
35.61
35.61
35.49
35.49
35.49
35.49
35.49
35.49
35.37
35.37
35.24
35.24
35.24
35.24
35.24
35.24
35.24
35.24
35.12
35.12
35.12
35.12
35.12
35
35
35
35
35
34.88
34.88
34.88
34.88
34.76
34.76
34.64
34.64
34.64
34.76
34.64
34.64
34.64
34.52
34.52
34.52
34.52
34.52
34.4
34.52
34.4
34.4
34.4
34.27
34.27
34.27
34.27
34.27
34.15
34.15
34.15
34.15
34.15
34.03
34.03
34.03
34.03
34.03
33.91
34.03
33.91
33.91
33.91
33.91
33.79
33.79
33.79
33.79
33.79
33.79
33.79
33.79
33.91
33.91
33.91
34.03
34.03
34.03
34.03
34.03
34.03
34.03
34.03
34.03
34.03
33.91
33.91
33.91
33.79
33.79
33.79
33.79
33.67
33.79
33.67
33.55
33.55
33.55
33.43
33.43
33.43
33.43
33.43
33.43
33.43
33.43
33.43
33.43
33.31
33.31
33.31
33.31
33.31
33.31
33.18
33.18
33.18
33.18
33.06
32.94
33.06
33.06
32.94
32.94
32.94
32.82
32.82
32.82
32.82
32.82
32.82
32.82
32.7
32.7
32.7
32.7
32.58
32.58
32.58
32.58
32.58
32.58
32.58
32.58
32.58
32.46
32.46
32.46
32.34
32.46
32.34
32.34
32.34
32.22
32.22
32.09
32.09
31.97
31.85
31.97
31.85
31.85
31.73
31.73
31.61
31.49
31.61
31.49
31.49
31.61
31.49
31.49
31.49
31.49
31.25
31.25
31.13
31.13
31
30.88
30.88
30.76
30.76
30.64
30.64
30.52
30.4
30.4
30.4
30.28
30.16
30.16
30.04
29.91
29.79
29.79
29.67
29.67
29.55
29.55
29.43
29.43
29.31
29.31
29.19
29.07
29.07
29.07
28.95
28.82
28.82
28.7
28.7
28.58
28.46
28.46
28.34
28.22
28.22
28.1
27.98
27.98
27.98
27.86
27.73
27.73
27.61
27.61
27.61
27.49
27.49
27.49
27.37
27.25
27.13
27.13
27.13
27.13
27.01
27.01
26.89
26.76
26.76
26.76
26.76
26.52
26.52
26.52
26.4
26.4
26.4
26.4
26.28
26.28
26.16
26.16
26.16
26.04
26.04
26.04
25.92
25.8
25.8
25.8
25.8
25.67
25.67
25.67
25.67
25.67
25.55
25.67
25.55
25.55
25.55
25.43
25.43
25.31
25.31
25.31
25.07
25.07
25.07
25.07
24.95
24.83
24.83
24.83
24.71
24.71
24.58
24.58
24.58
24.46
24.46
24.34
24.22
24.34
24.1
24.1
23.98
23.98
23.86
23.74
23.74
23.62
23.49
23.49
23.37
23.25
23.25
23.13
23.13
23.01
22.89
22.89
22.77
22.65
22.53
22.53
22.4
22.28
22.16
22.16
22.04
21.92
21.8
21.8
21.68
21.56
21.56
21.44
21.44
21.19
21.19
21.19
20.95
20.95
20.83
20.71
20.71
20.59
20.59
20.47
20.47
20.34
20.22
20.22
20.1
19.86
19.98
19.86
19.86
19.74
19.62
19.5
19.5
19.38
19.25
19.13
19.01
18.89
18.77
18.77
18.53
18.53
18.41
18.29
18.16
18.16
18.04
18.04
17.92
17.92
17.8
17.8
17.56
17.44
17.32
17.32
17.2
17.07
16.95
16.95
16.83
16.71
16.71
16.47
16.47
16.35
16.23
16.23
16.11
16.11
15.86
15.86
15.74
15.62
15.5
15.5
15.38
15.38
15.26
15.26
15.14
15.14
15.02
14.89
14.89
14.77
14.65
14.53
14.65
14.41
14.41
14.41
14.29
14.17
14.17
14.17
14.05
13.93
13.93
13.93
13.8
13.68
13.68
13.56
13.44
13.44
13.32
13.2
13.2
13.08
13.2
13.08
13.08
12.96
12.83
12.83
12.71
12.71
12.59
12.59
12.59
12.47
12.47
12.35
12.35
12.23
12.23
12.23
12.11
12.11
11.99
11.99
11.99
11.87
11.74
11.74
11.62
11.62
11.5
11.5
11.5
11.5
11.38
11.26
11.14
11.26
11.26
11.26
11.14
11.02
11.02
11.14
11.02
11.02
11.02
11.02
10.9
10.78
10.78
10.65
10.78
10.65
10.65
10.65
10.53
10.53
10.41
10.41
10.41
10.29
10.29
10.17
10.17
10.17
10.17
10.05
10.05
10.05
9.93
10.05
9.93
9.93
9.93
9.81
9.81
9.81
9.81
9.69
9.69
9.69
9.56
9.56
9.56
9.56
9.56
9.56
9.44
9.32
9.44
9.32
9.32
9.32
9.2
9.2
9.2
9.08
9.08
9.08
9.08
9.08
8.96
8.96
8.96
8.84
8.84
8.84
8.72
8.84
8.72
8.72
8.6
8.6
8.6
8.6
8.6
8.6
8.47
8.6
8.35
8.47
8.35
8.35
8.35
8.35
8.35
8.35
8.35
8.35
8.35
8.35
8.23
8.23
8.11
8.11
8.11
8.11
8.11
8.11
8.11
8.11
7.99
7.99
7.87
7.87
7.87
7.87
7.87
7.87
7.75
7.87
7.75
7.75
7.63
7.75
7.63
7.63
7.63
7.63
7.63
7.63
7.63
7.51
7.63
7.63
7.63
7.51
7.38
7.51
7.38
7.38
7.38
7.38
7.38
7.38
7.38
7.38
7.26
7.38
7.26
7.26
7.26
7.26
7.26
7.26
7.14
7.14
7.14
7.14
7.14
7.14
7.14
7.14
7.02
7.14
7.14
7.14
7.14
7.14
7.02
7.14
7.14
7.14
7.14
7.14
7.14
7.14
7.14
7.14
7.26
7.26
7.26
7.38
7.38
7.38
7.38
7.38
7.38
7.51
7.51
7.51
7.51
7.51
7.63
7.51
7.51
7.63
7.51
7.51
7.63
7.63
7.63
7.63
7.63
7.63
7.63
7.63
7.63
7.75
7.63
7.63
7.63
7.75
7.63
7.63
7.75
7.63
7.75
7.75
7.75
7.75
7.75
7.87
7.75
7.75
7.75
7.75
7.75
7.87
7.75
7.87
7.87
7.87
7.87
7.87
7.87
7.87
7.87
7.87
7.87
7.87
7.87
7.87
7.87
7.87
7.87
7.87
7.87
7.87
7.87
7.87
7.87
7.87
7.87
7.87
7.87
7.87
7.87
7.87
7.87
7.99
7.87
7.87
7.87
7.87
7.87
7.99
7.99
7.99
7.99
7.87
7.87
8.11
7.99
7.99
7.99
7.99
7.99
7.99
7.99
8.11
8.11
8.11
7.99
8.11
8.11
7.99
8.11
7.99
8.11
7.99
7.99
7.99
7.99
8.11
8.11
8.11
7.99
8.11
8.11
8.11
8.11
8.11
7.99
8.11
8.11
8.11
8.11
8.11
7.99
7.99
7.99
8.11
8.47
9.08
9.56
10.41
11.14
12.11
12.83
13.93
14.65
15.5
16.11
16.71
16.95
17.07
17.07
16.83
16.47
16.35
16.35
16.11
15.98
15.86
15.86
15.74
15.62
15.62
15.62
15.5
15.38
15.38
15.38
15.38
15.38
15.26
15.14
15.14
15.14
15.26
15.14
15.14
15.14
15.02
15.02
15.14
15.5
16.23
16.83
17.92
18.65
20.1
21.07
22.65
23.62
25.07
26.04
27.37
27.86
28.58
28.95
28.95
28.7
28.34
28.22
27.86
27.73
27.49
27.37
27.25
27.25
27.13
27.01
26.89
26.76
26.76
26.64
26.52
26.52
26.52
26.4
26.28
26.28
26.16
26.16
26.16
26.04
26.04
26.04
26.04
25.92
26.04
25.92
25.92
25.92
25.92
25.92
26.28
26.76
27.73
28.58
29.79
30.76
31.97
32.82
34.27
35.12
36.46
37.18
38.27
39
39.85
40.33
40.82
40.94
40.82
40.57
40.09
39.85
39.6
39.36
39.24
39.12
38.88
38.76
38.64
38.51
38.51
38.39
38.27
38.15
38.15
38.03
38.03
37.91
37.91
37.91
37.91
37.67
37.67
37.67
37.55
37.55
37.42
37.42
37.42
37.55
38.27
39
40.33
41.3
43
44.09
45.9
46.87
48.45
49.54
50.75
51.6
52.57
53.05
53.41
53.41
53.05
52.69
52.32
52.08
51.72
51.6
51.35
51.23
51.11
50.87
50.75
50.63
50.39
50.39
50.26
50.26
50.14
50.14
50.02
50.02
50.02
49.9
49.9
49.78
49.78
49.78
49.66
49.66
49.54
49.54
49.42
49.42
49.3
49.3
49.3
49.3
49.17
49.05
49.05
48.93
48.93
48.93
48.93
48.81
48.81
48.69
48.69
48.57
48.69
48.57
48.69
48.57
48.57
48.57
48.57
48.45
48.45
48.45
48.45
48.33
48.57
48.81
49.9
50.51
51.84
52.81
54.38
55.47
57.05
58.26
59.95
61.04
62.5
63.47
64.8
65.53
66.62
67.1
67.59
67.71
67.83
67.71
67.46
67.22
66.86
66.62
66.5
66.25
66.01
66.01
65.77
65.65
65.53
65.41
65.28
65.28
65.16
65.04
64.92
64.8
64.68
64.56
64.44
64.44
64.32
64.19
64.19
64.19
64.07
64.07
64.07
63.95
63.95
63.83
63.83
63.83
63.71
63.83
63.71
63.59
63.59
63.59
63.59
63.47
63.35
63.35
63.35
63.23
63.23
63.23
63.23
63.59
64.44
65.28
66.62
67.71
69.52
70.86
72.67
73.88
75.7
76.91
78.73
79.94
81.52
82.36
83.58
84.06
84.79
85.03
85.27
85.15
84.79
84.54
84.06
83.7
83.45
83.21
82.85
82.73
82.48
82.24
82.24
82.12
82.24
82.24
82.36
82.48
82.73
82.61
82.73
82.85
82.85
82.85
82.85
82.97
82.85
82.85
82.85
82.85
82.73
82.73
82.61
82.48
82.36
82.24
82.24
82.12
82
81.88
82.36
83.09
84.67
86
87.94
89.39
91.45
92.78
94.84
96.05
97.99
99.08
100.65
101.38
102.35
102.59
102.83
102.71
102.35
101.99
101.5
101.14
100.9
100.53
100.29
100.05
99.93
99.69
99.44
99.2
99.08
98.96
98.72
98.47
98.35
98.23
98.11
97.99
97.99
97.75
97.63
97.63
97.51
97.38
97.26
97.26
97.14
97.02
97.02
97.02
96.9
96.9
96.78
96.78
96.66
96.54
96.54
96.54
96.41
96.29
96.17
96.17
96.05
96.05
96.05
95.93
95.93
96.05
96.78
97.51
99.08
100.29
102.23
103.44
105.38
106.71
108.53
109.74
111.56
112.65
114.34
115.31
116.76
117.61
118.46
118.95
119.19
119.31
119.07
118.7
118.34
117.98
117.61
117.25
117.01
116.64
116.4
116.16
115.92
115.8
115.43
115.31
115.19
115.07
114.83
114.71
114.58
114.46
114.34
114.1
113.98
113.98
113.86
113.74
113.62
113.62
113.49
113.37
113.25
113.13
113.01
112.89
112.89
112.77
112.77
112.65
112.53
112.4
112.4
112.28
112.16
112.16
112.16
112.04
112.04
111.92
111.92
111.8
111.8
111.68
111.8
111.68
111.68
111.56
111.56
111.44
111.56
111.56
111.68
112.16
113.01
113.62
114.95
115.8
117.25
118.1
119.55
120.52
121.97
122.82
124.03
124.88
125.85
126.46
127.3
127.67
127.91
128.03
127.91
127.79
127.67
127.55
127.55
127.3
127.3
127.18
127.18
127.06
126.94
126.82
126.82
126.7
126.7
126.58
126.58
126.58
126.46
126.33
126.33
126.21
126.09
125.97
125.85
125.73
125.61
125.61
125.49
125.37
125.24
125.12
125.12
125
124.88
124.76
124.64
124.64
124.52
124.4
124.27
124.15
124.15
124.03
123.91
123.79
123.79
123.67
123.67
123.55
123.55
123.55
124.15
124.76
125.97
126.82
128.51
129.73
131.54
132.75
134.81
136.02
137.96
139.05
140.87
141.84
143.53
144.38
145.23
145.59
145.72
145.47
145.11
144.75
144.5
144.26
144.02
143.9
143.78
143.53
143.53
143.29
143.17
142.93
142.93
142.81
142.69
142.57
142.44
142.32
142.2
142.08
142.08
141.96
141.96
141.84
141.96
141.84
141.96
141.96
141.96
141.96
141.96
141.84
141.84
141.72
141.72
141.72
141.6
141.6
141.48
141.35
141.35
141.23
141.23
141.11
141.11
140.99
140.99
140.87
140.87
140.63
140.63
140.51
140.51
140.39
140.39
140.39
140.39
140.26
140.39
140.26
140.26
140.14
140.14
140.14
140.63
141.11
141.96
142.57
143.78
144.38
145.59
146.32
147.29
147.77
148.38
148.5
148.5
148.38
148.26
148.14
148.02
147.9
147.77
147.65
147.53
147.41
147.41
147.29
147.29
147.17
147.17
147.05
147.05
146.93
146.93
146.81
146.81
146.68
146.68
146.68
146.56
146.44
146.44
146.44
146.32
146.32
146.32
146.2
146.2
146.2
146.08
145.96
145.96
145.96
145.84
145.84
145.84
145.72
145.72
145.59
145.72
145.59
145.72
145.59
145.72
145.59
145.72
145.72
145.84
145.84
145.84
145.72
145.72
145.72
145.59
145.59
145.47
145.35
145.35
145.35
145.35
145.23
145.35
145.23
145.23
145.11
145.23
145.11
145.11
144.99
145.11
144.99
144.99
144.99
144.99
144.87
144.99
144.99
144.99
144.87
144.99
144.87
144.87
144.75
144.87
144.75
144.75
144.75
144.75
144.75
144.75
144.75
144.75
144.62
144.87
145.23
145.72
146.08
146.56
146.68
146.93
146.81
146.81
146.68
146.68
146.68
146.56
146.56
146.56
146.44
146.44
146.44
146.44
146.44
146.44
146.32
146.32
146.32
146.32
146.2
146.2
146.2
146.2
146.2
146.08
146.08
146.08
146.08
145.96
145.96
145.96
145.96
145.96
145.96
146.08
145.96
146.08
146.08
146.2
146.2
146.2
146.2
146.2
146.2
146.08
146.08
145.96
145.96
145.84
145.96
145.84
145.84
145.96
145.84
145.84
145.72
145.72
145.72
145.72
145.72
145.72
145.59
145.72
145.59
145.59
145.59
145.59
145.59
145.59
145.59
145.47
145.47
145.47
145.47
145.47
145.59
146.2
146.68
147.41
147.77
148.26
148.38
148.62
148.5
148.5
148.5
148.38
148.38
148.5
148.74
149.23
149.47
149.83
150.08
150.08
150.08
149.95
149.83
149.83
149.71
149.83
149.71
149.59
149.59
149.59
149.47
149.47
149.47
149.47
149.35
149.35
149.35
149.35
149.23
149.35
149.35
149.35
149.11
149.11
149.11
149.11
149.11
149.11
149.11
148.99
148.99
149.11
149.11
149.11
149.11
149.23
149.23
149.23
149.23
149.23
149.23
149.11
149.11
149.11
148.99
148.99
148.99
148.86
148.86
148.86
148.86
148.86
148.86
148.86
148.86
148.86
148.74
148.74
148.74
148.74
148.62
148.62
148.62
148.62
148.62
148.62
148.62
148.62
148.5
148.62
148.5
148.5
148.5
148.5
148.38
148.5
148.38
148.26
148.38
148.38
148.38
148.26
148.38
148.38
148.38
148.38
148.26
148.26
148.14
148.26
148.14
148.26
148.26
148.14
148.14
148.14
148.14
148.14
148.02
148.02
148.14
148.14
148.02
148.14
148.02
148.02
148.02
148.02
148.02
148.02
147.9
148.02
148.02
147.9
147.9
147.9
147.9
147.9
147.9
147.9
147.9
147.9
147.9
147.9
148.02
148.02
148.02
148.14
148.14
148.26
148.26
148.26
148.14
148.14
148.14
148.14
148.02
148.02
148.02
148.02
147.9
148.02
147.9
147.9
147.9
147.9
147.9
147.9
147.77
147.9
147.9
147.9
147.77
147.77
147.65
147.77
147.65
147.65
147.53
147.65
147.53
147.41
147.41
147.41
147.41
147.29
147.17
147.17
147.17
147.05
147.05
147.05
146.93
146.93
146.93
146.93
146.81
146.81
146.68
146.68
146.68
146.68
146.68
146.56
146.44
146.44
146.44
146.44
146.32
146.32
146.32
146.32
146.2
146.2
146.2
146.2
146.08
146.08
145.96
145.96
145.96
145.96
145.96
145.84
145.84
145.84
145.72
145.72
145.72
145.59
145.59
145.59
145.47
145.47
145.47
145.47
145.35
145.35
145.35
145.47
145.35
145.35
145.35
145.35
145.47
145.35
145.23
145.23
145.11
145.23
145.11
144.99
144.87
144.75
144.75
144.75
144.62
144.5
144.5
144.5
144.38
144.38
144.26
144.14
144.02
144.14
143.9
143.9
143.78
143.78
143.66
143.66
143.53
143.41
143.41
143.29
143.17
143.17
143.05
143.05
142.93
142.93
142.81
142.69
142.69
142.57
142.44
142.44
142.44
142.32
142.2
142.08
141.96
141.96
141.84
141.84
141.72
141.6
141.6
141.48
141.35
141.35
141.23
141.11
140.99
140.99
140.87
140.75
140.63
140.51
140.39
140.39
140.26
140.14
140.02
139.9
139.9
139.78
139.66
139.54
139.42
139.42
139.3
139.42
139.3
139.42
139.3
139.3
139.3
139.3
139.05
139.05
138.93
138.93
138.69
138.69
138.45
138.33
138.2
138.2
138.08
137.96
137.84
137.72
137.72
137.48
137.48
137.24
137.11
137.11
136.99
136.99
136.87
136.75
136.75
136.51
136.51
136.39
136.39
136.27
136.15
136.15
135.9
135.9
135.78
135.66
135.54
135.42
135.42
135.3
135.06
135.06
134.93
134.81
134.81
134.69
134.69
134.57
134.33
134.33
134.21
134.09
134.09
133.97
133.72
133.84
133.72
133.72
133.6
133.48
133.36
133.36
133.24
133.24
133.12
133
132.88
132.88
132.75
132.63
132.63
132.51
132.51
132.51
132.51
132.51
132.51
132.51
132.51
132.39
132.39
132.39
132.27
132.27
132.03
132.03
131.79
131.66
131.54
131.54
131.42
131.3
131.18
131.06
130.94
130.94
130.82
130.69
130.45
130.45
130.33
130.21
130.09
130.09
129.97
129.85
129.85
129.85
129.6
129.6
129.48
129.48
129.36
129.24
129.12
129.12
128.88
128.88
128.76
128.64
128.51
128.51
128.39
128.27
128.27
128.15
128.03
128.03
127.91
127.79
127.67
127.67
127.55
127.42
127.42
127.3
127.3
127.06
127.06
127.06
126.94
126.82
126.7
126.7
126.58
126.46
126.46
126.33
126.21
126.21
126.09
126.09
126.09
125.85
125.85
125.73
125.61
125.61
125.49
125.49
125.37
125.37
125.24
125.24
125.24
125.24
125.24
125.37
125.24
125.37
125.37
125.24
125.12
125.12
125.12
125
124.88
124.76
124.64
124.52
124.4
124.15
124.15
123.91
123.91
123.79
123.67
123.67
123.43
123.43
123.31
123.31
123.18
123.06
123.06
122.94
122.94
122.94
122.82
122.7
122.58
122.58
122.46
122.34
122.46
122.22
122.22
122.09
121.97
121.97
121.85
121.73
121.61
121.61
121.61
121.49
121.37
121.37
121.25
121.13
121.13
121.13
121
121
120.88
120.76
120.76
120.64
120.64
120.52
120.52
120.52
120.4
120.28
120.16
120.28
120.16
120.04
120.04
119.91
119.79
119.91
119.79
119.91
119.79
120.04
120.04
120.04
120.04
120.16
120.16
120.16
120.16
120.28
120.04
120.16
120.04
119.91
119.79
119.79
119.67
119.55
119.55
119.31
119.31
119.31
119.07
118.95
118.82
118.58
118.58
118.58
118.46
118.34
118.22
118.22
118.22
118.1
118.1
117.98
117.86
117.86
117.86
117.73
117.73
117.61
117.49
117.49
117.37
117.37
117.25
117.13
117.13
117.01
116.89
116.89
116.89
116.89
116.76
116.76
116.64
116.64
116.52
116.52
116.52
116.4
116.28
116.28
116.28
116.16
116.16
116.16
116.04
116.04
115.92
115.8
115.92
115.8
115.67
115.67
115.67
115.67
115.55
115.67
115.67
115.8
115.92
115.92
116.04
116.16
116.16
116.28
116.28
116.28
116.4
116.4
116.4
116.4
116.16
116.16
116.04
116.04
115.92
115.92
115.92
115.92
115.8
115.67
115.55
115.43
115.19
115.19
115.07
114.95
114.83
114.71
114.58
114.46
114.46
114.34
114.34
114.22
114.1
113.98
113.98
113.74
113.74
113.74
113.62
113.49
113.49
113.37
113.25
113.25
113.13
113.01
113.01
112.89
112.89
112.89
112.77
112.77
112.65
112.65
112.53
112.53
112.4
112.4
112.4
112.28
112.28
112.16
112.16
112.16
112.04
112.04
111.92
111.92
111.8
111.68
111.68
111.68
111.56
111.56
111.44
111.44
111.44
111.44
111.31
111.19
111.31
111.19
111.07
111.07
111.07
111.07
111.07
111.19
111.19
111.31
111.31
111.56
111.56
111.68
111.8
111.92
111.92
112.04
111.92
111.92
111.8
111.8
111.68
111.8
111.56
111.56
111.56
111.44
111.31
111.31
111.19
111.07
110.95
110.83
110.71
110.59
110.47
110.47
110.34
110.34
110.22
110.22
110.1
110.1
109.98
109.86
109.74
109.74
109.62
109.62
109.5
109.38
109.25
109.25
109.13
109.01
108.89
108.89
108.77
108.65
108.53
108.41
108.41
108.41
108.29
108.29
108.16
108.04
108.16
108.16
108.04
107.92
107.92
107.92
107.8
107.68
107.68
107.68
107.68
107.68
107.44
107.44
107.44
107.44
107.32
107.32
107.32
107.32
107.32
107.44
107.56
107.56
107.68
107.8
107.92
108.04
108.16
108.29
108.29
108.29
108.29
108.29
108.16
108.16
108.16
108.16
108.16
108.16
108.04
108.04
107.92
107.92
107.92
107.68
107.56
107.56
107.44
107.44
107.32
107.32
107.2
107.2
107.07
107.07
106.95
106.95
106.71
106.71
106.59
106.47
106.47
106.35
106.23
106.23
105.98
105.98
105.86
105.74
105.62
105.5
105.38
105.26
105.26
105.14
105.02
105.02
104.89
104.89
104.77
104.77
104.65
104.65
104.53
104.53
104.53
104.41
104.29
104.29
104.17
104.05
104.05
104.05
103.93
103.93
103.93
103.8
103.8
103.68
103.68
103.68
103.8
103.93
104.05
104.17
104.29
104.53
104.65
104.89
104.89
104.89
105.02
105.02
105.02
105.14
105.14
105.26
105.26
105.26
105.26
105.38
105.26
105.38
105.26
105.26
105.26
105.14
105.02
104.89
104.77
104.65
104.41
104.41
104.29
104.17
104.05
104.05
103.93
103.8
103.8
103.68
103.56
103.56
103.44
103.32
103.2
103.2
103.08
102.96
102.83
102.83
102.71
102.59
102.47
102.35
102.35
102.11
101.99
101.99
101.87
101.87
101.62
101.62
101.5
101.38
101.38
101.38
101.26
101.26
101.14
101.14
101.02
100.9
100.78
100.78
100.78
100.65
100.53
100.53
100.41
100.53
100.29
100.41
100.29
100.29
100.29
100.17
100.17
100.05
100.05
99.93
99.93
99.93
99.81
99.93
99.93
99.93
100.05
100.29
100.41
100.65
100.78
101.02
101.14
101.26
101.26
101.26
101.38
101.5
101.5
101.62
101.74
101.74
101.74
101.87
101.87
101.87
101.87
101.74
101.74
101.62
101.5
101.5
101.38
101.26
101.02
100.9
100.9
100.65
100.65
100.53
100.41
100.29
100.17
100.17
100.05
100.05
99.93
99.81
99.69
99.56
99.56
99.44
99.32
99.2
99.2
99.08
98.96
98.96
98.84
98.72
98.72
98.6
98.47
98.47
98.23
98.23
98.11
97.99
97.99
97.87
97.87
97.75
97.63
97.51
97.38
97.38
97.26
97.26
97.14
97.14
97.02
96.9
96.9
96.78
96.78
96.66
96.54
96.66
96.54
96.54
96.41
96.29
96.29
96.29
96.17
96.17
96.05
96.05
95.93
96.05
95.93
95.81
95.81
95.81
95.81
95.81
95.81
96.05
96.17
96.41
96.54
96.78
97.02
97.14
97.26
97.26
97.26
97.38
97.51
97.51
97.63
97.63
97.75
97.75
97.63
97.75
97.75
97.75
97.75
97.75
97.63
97.51
97.38
97.26
97.14
96.9
96.78
96.66
96.66
96.54
96.41
96.41
96.29
96.29
96.05
96.05
96.05
96.05
95.93
95.81
95.69
95.69
95.57
95.57
95.32
95.32
95.2
95.08
95.08
94.84
94.84
94.84
94.72
94.6
94.6
94.48
94.36
94.36
94.23
94.11
93.99
93.99
93.87
93.87
93.75
93.63
93.63
93.51
93.39
93.39
93.39
93.27
93.27
93.14
93.02
93.02
92.9
92.9
92.78
92.78
92.66
92.66
92.66
92.54
92.42
92.42
92.3
92.3
92.3
92.3
92.3
92.42
92.54
92.66
92.78
93.02
93.14
93.39
93.39
93.63
93.63
93.75
93.75
93.87
93.87
93.99
93.99
93.99
93.99
94.11
93.99
93.99
93.87
93.87
93.75
93.63
93.51
93.39
93.27
93.14
93.02
93.02
92.78
92.66
92.66
92.66
92.54
92.42
92.42
92.42
92.18
92.18
92.05
92.05
91.93
91.93
91.81
91.81
91.69
91.69
91.57
91.45
91.33
91.21
91.09
90.96
90.96
90.96
90.72
90.72
90.6
90.6
90.48
90.48
90.36
90.36
90.24
90.24
90.12
90
89.87
90
89.87
89.75
89.75
89.63
89.63
89.63
89.51
89.51
89.39
89.27
89.27
89.27
89.15
89.27
89.15
89.03
88.9
89.03
88.9
88.78
88.78
88.78
88.78
88.78
88.78
89.03
89.15
89.27
89.39
89.75
89.87
90
90.12
90.24
90.36
90.48
90.6
90.72
90.6
90.72
90.72
90.84
90.72
90.84
90.84
90.84
90.72
90.6
90.6
90.6
90.48
90.36
90.12
90
90
89.75
89.75
89.63
89.51
89.51
89.39
89.27
89.27
89.15
89.03
89.03
88.9
88.9
88.78
88.78
88.66
88.66
88.54
88.54
88.42
88.3
88.3
88.18
88.06
88.06
87.94
87.81
87.81
87.69
87.69
87.57
87.57
87.45
87.33
87.21
87.21
87.09
87.09
87.09
86.97
86.97
86.85
86.72
86.6
86.6
86.6
86.48
86.48
86.36
86.24
86.24
86.12
86.12
86.12
86
85.88
85.88
85.88
85.76
85.76
85.76
85.63
85.51
85.51
85.51
85.39
85.27
85.27
85.39
85.39
85.63
85.63
85.88
86
86.24
86.48
86.6
86.72
86.85
86.97
87.09
87.09
87.21
87.21
87.33
87.33
87.33
87.33
87.33
87.33
87.33
87.33
87.21
87.09
86.97
86.97
86.85
86.72
86.6
86.48
86.36
86.24
86.36
86.12
86
86
85.88
85.88
85.76
85.76
85.76
85.63
85.51
85.51
85.39
85.39
85.39
85.27
85.15
85.15
85.03
84.91
84.91
84.79
84.79
84.67
84.67
84.54
84.42
84.42
84.42
84.18
84.18
84.06
84.06
83.94
83.94
83.82
83.82
83.7
83.7
83.58
83.58
83.45
83.45
83.33
83.21
83.21
83.21
83.09
83.09
82.97
82.97
82.85
82.97
82.85
82.85
82.73
82.73
82.61
82.48
82.48
82.36
82.36
82.24
82.36
82.48
82.48
82.48
82.73
82.97
83.09
83.21
83.33
83.58
83.58
83.7
83.82
83.94
83.94
83.94
83.94
84.06
83.94
84.06
83.94
84.06
83.94
83.94
83.82
83.7
83.7
83.45
83.45
83.21
83.21
83.21
82.97
82.97
82.85
82.85
82.85
82.73
82.73
82.73
82.61
82.48
82.48
82.48
82.36
82.36
82.24
82.24
82.12
82.12
82
82
82
81.88
81.76
81.76
81.64
81.64
81.52
81.52
81.39
81.27
81.27
81.15
81.03
81.03
81.03
81.03
80.91
80.79
80.79
80.67
80.67
80.55
80.55
80.55
80.43
80.43
80.3
80.3
80.3
80.18
80.18
80.06
80.06
80.06
80.06
79.94
79.82
79.82
79.7
79.58
79.58
79.58
79.46
79.46
79.46
79.46
79.46
79.58
79.7
79.94
80.18
80.43
80.55
80.67
80.67
80.91
80.91
81.03
81.15
81.27
81.27
81.27
81.27
81.27
81.27
81.27
81.27
81.27
81.15
81.15
81.03
80.91
80.91
80.67
80.79
80.55
80.55
80.43
80.3
80.3
80.18
80.06
80.06
80.06
79.94
79.94
79.82
79.82
79.7
79.7
79.7
79.7
79.58
79.58
79.46
79.46
79.34
79.34
79.34
79.21
79.09
79.09
78.97
78.97
78.97
78.85
78.73
78.73
78.61
78.61
78.49
78.49
78.37
78.25
78.37
78.25
78.25
78.12
78.12
78
78
77.88
77.88
77.88
77.76
77.76
77.64
77.64
77.64
77.64
77.52
77.4
77.4
77.28
77.28
77.16
77.16
77.16
77.16
77.03
76.91
76.91
76.79
76.79
76.79
76.67
76.67
76.67
76.67
76.67
76.79
76.91
77.03
77.28
77.52
77.64
77.76
78
77.88
78.12
78.12
78.25
78.25
78.37
78.25
78.37
78.37
78.37
78.25
78.25
78.25
78.25
78.12
78.12
78
77.88
77.76
77.64
77.64
77.4
77.4
77.4
77.28
77.28
77.16
77.16
77.16
77.03
76.91
76.91
76.91
76.91
76.79
76.91
76.79
76.79
76.55
76.55
76.55
76.55
76.43
76.43
76.31
76.31
76.19
76.06
76.06
76.06
75.94
75.94
75.94
75.7
75.7
75.7
75.7
75.58
75.46
75.46
75.34
75.34
75.34
75.22
75.22
75.1
75.1
75.1
74.97
74.97
74.97
74.85
74.85
74.73
74.73
74.73
74.61
74.61
74.49
74.37
74.49
74.37
74.37
74.37
74.25
74.25
74.13
74.13
74.01
74.01
73.88
73.88
73.88
74.01
74.01
74.13
74.25
74.61
74.61
74.85
74.85
74.97
75.1
75.22
75.22
75.22
75.22
75.22
75.22
75.22
75.22
75.22
75.1
75.1
75.1
74.97
74.85
74.85
74.73
74.61
74.49
74.49
74.49
74.25
74.25
74.25
74.25
74.13
74.13
74.01
74.01
74.01
74.01
74.01
73.88
74.01
73.76
73.76
73.76
73.76
73.64
73.64
73.52
73.52
73.4
73.28
73.28
73.28
73.16
73.16
73.16
73.04
73.04
73.04
72.92
72.79
72.79
72.79
72.67
72.67
72.55
72.55
72.43
72.43
72.31
72.31
72.31
72.19
72.19
72.19
72.19
72.07
72.07
71.95
71.95
71.95
71.95
71.83
71.83
71.83
71.7
71.7
71.58
71.58
71.58
71.58
71.46
71.58
71.46
71.7
71.83
72.07
72.19
72.31
72.43
72.67
72.67
72.79
72.79
72.92
72.79
72.92
72.92
72.92
72.92
73.04
72.79
72.79
72.79
72.79
72.67
72.67
72.55
72.43
72.31
72.31
72.19
72.19
72.07
72.07
71.95
71.95
71.95
71.83
71.83
71.7
71.7
71.83
71.58
71.7
71.58
71.58
71.58
71.58
71.46
71.34
71.34
71.34
71.22
71.1
71.1
71.1
70.98
70.98
70.98
70.86
70.86
70.86
70.74
70.74
70.61
70.61
70.49
70.49
70.37
70.49
70.37
70.37
70.25
70.37
70.25
70.13
70.13
70.13
70.01
70.01
70.01
69.89
69.89
69.89
69.77
69.77
69.65
69.77
69.65
69.52
69.52
69.52
69.52
69.4
69.4
69.4
69.28
69.28
69.16
69.16
69.16
69.04
69.04
69.16
69.16
69.4
69.4
69.65
69.77
70.01
70.01
70.13
70.25
70.37
70.37
70.49
70.49
70.61
70.49
70.49
70.61
70.61
70.49
70.49
70.37
70.37
70.37
70.37
70.25
70.13
70.01
69.89
69.89
69.77
69.77
69.65
69.65
69.65
69.65
69.65
69.52
69.52
69.4
69.4
69.4
69.4
69.4
69.4
69.28
69.28
69.28
69.28
69.16
69.16
69.04
69.04
69.04
68.92
68.92
68.92
68.8
68.8
68.68
68.68
68.68
68.68
68.55
68.55
68.43
68.43
68.43
68.43
68.31
68.31
68.31
68.19
68.19
68.07
68.07
68.07
67.95
67.95
67.95
67.95
67.83
67.83
67.71
67.71
67.59
67.71
67.59
67.71
67.46
67.46
67.46
67.46
67.34
67.22
67.22
67.1
67.1
67.22
67.1
66.98
66.86
66.98
66.86
66.98
67.1
67.34
67.46
67.59
67.59
67.83
67.83
67.95
68.07
68.07
68.07
68.07
68.07
68.07
68.07
68.07
68.07
68.07
67.95
67.95
67.83
67.95
67.71
67.71
67.59
67.46
67.46
67.34
67.34
67.22
67.22
67.1
67.1
67.1
67.1
66.98
66.98
66.86
66.86
66.98
66.86
66.86
66.86
66.74
66.74
66.74
66.74
66.62
66.62
66.5
66.5
66.5
66.37
66.37
66.25
66.25
66.25
66.25
66.13
66.01
66.01
66.01
65.89
65.89
65.77
65.77
65.77
65.77
65.53
65.53
65.53
65.53
65.41
65.41
65.41
65.41
65.28
65.28
65.28
65.28
65.16
65.16
65.16
65.04
65.04
64.92
64.92
64.92
64.92
64.8
64.8
64.8
64.68
64.68
64.56
64.56
64.56
64.56
64.44
64.56
64.44
64.44
64.44
64.44
64.56
64.68
64.8
65.04
65.04
65.28
65.28
65.41
65.41
65.41
65.41
65.41
65.41
65.53
65.41
65.28
65.41
65.28
65.28
65.28
65.16
65.04
65.04
64.92
64.8
64.68
64.68
64.56
64.56
64.56
64.44
64.44
64.44
64.44
64.44
64.44
64.32
64.32
64.32
64.32
64.32
64.19
64.19
64.19
64.19
64.07
64.07
64.07
64.07
64.07
63.95
63.83
63.83
63.71
63.83
63.71
63.71
63.47
63.59
63.59
63.59
63.47
63.47
63.47
63.35
63.35
63.35
63.35
63.23
63.23
63.23
63.1
63.1
63.1
62.98
62.98
62.98
62.86
62.86
62.86
62.86
62.86
62.86
62.74
62.62
62.62
62.5
62.62
62.5
62.5
62.5
62.5
62.5
62.62
62.86
62.98
62.98
63.23
63.23
63.35
63.35
63.35
63.35
63.35
63.35
63.35
63.35
63.35
63.35
63.35
63.35
63.23
63.1
63.23
63.1
62.98
62.86
62.86
62.74
62.62
62.5
62.62
62.5
62.5
62.38
62.38
62.5
62.38
62.5
62.38
62.38
62.38
62.26
62.38
62.26
62.38
62.26
62.13
62.13
62.13
62.01
62.01
62.01
61.89
61.89
61.89
61.77
61.77
61.65
61.65
61.53
61.53
61.53
61.53
61.41
61.41
61.41
61.41
61.29
61.29
61.29
61.29
61.17
61.17
61.17
61.17
61.17
61.04
61.04
61.04
61.04
60.92
60.92
60.8
60.92
60.8
60.8
60.92
60.68
60.68
60.68
60.68
60.56
60.56
60.44
60.56
60.44
60.56
60.56
60.8
60.8
61.04
61.17
61.29
61.41
61.41
61.41
61.41
61.41
61.41
61.41
61.53
61.41
61.41
61.41
61.41
61.29
61.41
61.29
61.29
61.17
61.17
61.17
61.04
60.92
60.8
60.68
60.68
60.68
60.68
60.56
60.56
60.56
60.56
60.56
60.56
60.44
60.44
60.44
60.44
60.32
60.44
60.32
60.32
60.2
60.2
60.08
60.2
60.2
60.08
60.08
60.08
59.95
59.95
59.95
59.83
59.83
59.83
59.71
59.71
59.59
59.71
59.59
59.59
59.59
59.47
59.47
59.47
59.47
59.47
59.35
59.35
59.23
59.23
59.23
59.23
59.23
59.11
59.11
59.11
58.99
58.99
58.99
58.99
58.99
58.99
58.86
58.99
58.74
58.74
58.74
58.74
58.62
58.62
58.62
58.62
58.5
58.5
58.5
58.38
58.5
58.62
58.62
58.86
58.99
59.11
59.11
59.35
59.23
59.35
59.35
59.35
59.35
59.35
59.35
59.35
59.35
59.35
59.23
59.23
59.23
59.11
58.99
59.11
58.99
58.99
58.99
58.86
58.74
58.74
58.62
58.62
58.5
58.5
58.5
58.5
58.5
58.5
58.5
58.5
58.5
58.38
58.38
58.38
58.38
58.26
58.26
58.38
58.14
58.14
58.14
58.14
58.02
58.02
58.02
57.9
57.9
57.9
57.9
57.77
57.65
57.77
57.65
57.65
57.65
57.65
57.53
57.53
57.53
57.41
57.41
57.53
57.41
57.53
57.41
57.29
57.29
57.29
57.29
57.29
57.17
57.17
57.17
57.05
57.05
57.05
57.05
56.93
56.93
57.05
56.93
56.81
56.81
56.81
56.81
56.81
56.68
56.68
56.68
56.81
56.81
56.93
57.05
57.17
57.29
57.29
57.41
57.41
57.41
57.53
57.53
57.53
57.41
57.41
57.41
57.29
57.29
57.29
57.29
57.17
57.29
57.17
57.17
57.17
56.93
56.93
56.81
56.81
56.81
56.81
56.68
56.68
56.68
56.68
56.68
56.68
56.56
56.56
56.56
56.56
56.56
56.56
56.44
56.56
56.44
56.44
56.32
56.32
56.32
56.32
56.2
56.2
56.2
56.08
56.08
56.08
55.96
55.96
55.84
55.84
55.72
55.84
55.72
55.72
55.72
55.72
55.59
55.59
55.59
55.47
55.47
55.47
55.47
55.47
55.35
55.47
55.23
55.35
55.35
55.23
55.23
55.23
55.23
55.11
55.11
55.11
55.11
55.11
55.11
54.99
54.99
54.99
54.87
54.75
54.75
54.75
54.75
54.75
54.62
54.75
54.75
54.87
54.87
55.11
55.11
55.23
55.23
55.47
55.35
55.47
55.35
55.59
55.47
55.47
55.47
55.47
55.47
55.35
55.35
55.35
55.23
55.23
55.11
55.11
55.11
54.99
54.99
54.87
54.87
54.87
54.75
54.75
54.75
54.75
54.75
54.75
54.75
54.75
54.62
54.75
54.62
54.75
54.62
54.62
54.5
54.5
54.5
54.62
54.5
54.38
54.38
54.26
54.26
54.26
54.14
54.14
54.14
54.14
54.02
54.02
54.02
54.02
53.9
53.9
53.78
53.9
53.9
53.78
53.78
53.78
53.66
53.78
53.66
53.66
53.66
53.66
53.66
53.66
53.66
53.66
53.53
53.53
53.41
53.41
53.29
53.41
53.41
53.41
53.29
53.41
53.29
53.41
53.41
53.66
53.53
53.78
53.9
53.9
53.9
54.02
54.02
54.02
53.9
54.02
54.02
54.02
54.02
54.02
53.9
53.9
53.9
53.9
53.78
53.78
53.78
53.66
53.66
53.66
53.53
53.53
53.53
53.41
53.41
53.41
53.41
53.29
53.29
53.41
53.29
53.29
53.29
53.29
53.29
53.17
53.17
53.17
53.17
53.17
53.05
53.05
53.05
53.05
52.93
53.05
52.93
52.93
52.93
52.81
52.81
52.69
52.81
52.69
52.69
52.69
52.69
52.69
52.69
52.69
52.57
52.44
52.44
52.44
52.44
52.32
52.44
52.44
52.44
52.44
52.32
52.32
52.32
52.2
52.2
52.2
52.08
52.2
52.08
52.08
52.08
52.08
52.08
51.96
51.96
51.96
51.96
51.96
51.96
51.84
51.84
51.84
51.84
51.84
51.96
52.2
52.2
52.32
52.32
52.44
52.44
52.57
52.57
52.57
52.57
52.57
52.57
52.57
52.57
52.44
52.44
52.44
52.44
52.44
52.44
52.44
52.32
52.2
52.2
52.2
52.08
52.08
52.08
51.96
51.96
51.96
51.84
51.96
51.84
51.84
51.84
51.84
51.84
51.84
51.84
51.72
51.72
51.72
51.72
51.6
51.6
51.6
51.6
51.6
51.48
51.48
51.48
51.48
51.35
51.35
51.23
51.23
51.23
51.23
51.11
51.23
51.11
51.11
51.11
50.99
50.99
50.99
50.99
50.87
50.87
50.87
50.87
50.87
50.87
50.87
50.75
50.75
50.75
50.63
50.63
50.63
50.51
50.51
50.51
50.51
50.51
50.39
50.51
50.39
50.39
50.26
50.26
50.26
50.26
50.26
50.26
50.26
50.26
50.14
50.14
50.14
50.02
50.14
50.14
50.26
50.26
50.39
50.39
50.51
50.63
50.75
50.75
50.75
50.75
50.87
50.75
50.75
50.75
50.75
50.75
50.63
50.63
50.63
50.51
50.51
50.51
50.51
50.39
50.39
50.26
50.26
50.26
50.14
50.14
50.26
50.14
50.14
50.14
50.02
50.14
50.02
50.02
50.02
50.02
50.02
50.02
50.02
49.9
49.9
49.9
49.78
49.9
49.9
49.78
49.78
49.78
49.66
49.66
49.66
49.66
49.54
49.54
49.54
49.54
49.42
49.42
49.42
49.42
49.42
49.3
49.42
49.3
49.3
49.3
49.3
49.17
49.17
49.17
49.17
49.17
49.17
49.17
49.05
49.17
49.05
49.05
49.05
49.05
48.93
48.93
48.81
48.81
48.93
48.81
48.81
48.81
48.81
48.81
48.81
48.93
49.05
49.05
49.17
49.17
49.3
49.3
49.3
49.42
49.42
49.42
49.42
49.42
49.42
49.3
49.3
49.3
49.3
49.3
49.3
49.17
49.3
49.17
49.05
49.05
48.93
48.93
48.93
48.81
48.81
48.81
48.81
48.81
48.81
48.81
48.69
48.69
48.69
48.69
48.69
48.69
48.69
48.69
48.69
48.57
48.57
48.57
48.57
48.45
48.45
48.45
48.33
48.45
48.33
48.33
48.33
48.33
48.33
48.33
48.33
48.2
48.2
48.08
48.2
48.2
48.08
47.96
47.96
47.96
48.08
47.96
47.96
47.96
47.96
47.84
47.84
47.84
47.72
47.72
47.72
47.72
47.72
47.6
47.6
47.6
47.6
47.6
47.6
47.6
47.48
47.48
47.48
47.36
47.36
47.36
47.36
47.36
47.36
47.24
47.36
47.36
47.6
47.6
47.72
47.84
47.96
47.96
47.96
48.08
48.08
48.08
47.96
48.08
48.08
47.96
47.96
48.08
47.96
47.96
47.84
47.84
47.84
47.84
47.84
47.72
47.72
47.6
47.72
47.6
47.6
47.48
47.48
47.36
47.48
47.48
47.48
47.48
47.48
47.36
47.36
47.24
47.36
47.36
47.36
47.24
47.24
47.24
47.24
47.24
47.24
47.11
47.11
47.11
47.11
46.99
46.99
46.99
46.99
46.87
46.99
46.87
46.87
46.87
46.87
46.75
46.87
46.75
46.75
46.63
46.75
46.75
46.63
46.63
46.51
46.63
46.63
46.63
46.63
46.51
46.51
46.51
46.51
46.39
46.39
46.39
46.39
46.39
46.27
46.27
46.27
46.27
46.27
46.15
46.15
46.15
46.02
46.02
46.15
46.15
46.15
46.15
46.15
46.15
46.15
46.27
46.39
46.39
46.51
46.51
46.63
46.51
46.63
46.63
46.63
46.63
46.63
46.63
46.63
46.63
46.63
46.63
46.51
46.51
46.39
46.39
46.39
46.39
46.27
46.15
46.15
46.02
46.15
46.15
46.15
46.02
46.15
46.02
46.02
46.02
46.02
46.02
46.15
46.15
45.9
46.02
45.9
46.02
45.9
45.9
45.9
45.9
45.9
45.78
45.78
45.9
45.78
45.78
45.78
45.66
45.66
45.54
45.66
45.54
45.66
45.54
45.54
45.42
45.54
45.42
45.42
45.42
45.42
45.42
45.42
45.42
45.3
45.3
45.3
45.3
45.18
45.18
45.18
45.18
45.18
45.18
45.06
45.06
45.18
45.06
45.06
45.06
44.93
44.81
44.93
44.81
44.81
44.93
44.81
44.81
44.93
44.93
44.93
45.06
45.18
45.18
45.3
45.3
45.3
45.42
45.42
45.42
45.42
45.42
45.42
45.3
45.3
45.3
45.3
45.3
45.3
45.18
45.06
45.18
45.06
45.06
45.06
44.93
44.93
44.93
44.93
44.81
44.81
44.81
44.81
44.81
44.81
44.81
44.81
44.81
44.81
44.81
44.69
44.69
44.69
44.69
44.69
44.69
44.57
44.57
44.45
44.45
44.57
44.45
44.33
44.45
44.45
44.45
44.33
44.33
44.21
44.21
44.21
44.21
44.09
44.21
44.21
44.09
44.09
43.97
43.97
44.09
43.97
43.97
44.09
43.97
43.97
43.97
43.97
43.84
43.84
43.84
43.84
43.72
43.84
43.72
43.72
43.72
43.6
43.72
43.6
43.6
43.72
43.6
43.6
43.6
43.48
43.48
43.48
43.48
43.48
43.48
43.48
43.48
43.72
43.72
43.84
43.84
43.97
43.97
44.09
44.09
43.97
44.09
44.09
44.09
44.09
43.97
43.97
43.97
43.97
43.97
43.97
43.97
43.97
43.84
43.84
43.84
43.84
43.72
43.72
43.72
43.72
43.6
43.6
43.6
43.6
43.6
43.6
43.6
43.6
43.48
43.48
43.6
43.48
43.48
43.48
43.36
43.48
43.48
43.48
43.36
43.36
43.24
43.24
43.24
43.24
43.24
43.24
43.12
43.24
43
43
43
43
43
43
43
42.88
43
43
42.88
42.88
42.88
42.88
42.88
42.88
42.88
42.88
42.75
42.75
42.75
42.75
42.75
42.75
42.75
42.63
42.63
42.63
42.63
42.63
42.51
42.51
42.51
42.51
42.51
42.51
42.39
42.39
42.39
42.39
42.27
42.39
42.39
42.27
42.27
42.27
42.27
42.27
42.27
42.27
42.27
42.51
42.51
42.63
42.63
42.75
42.75
42.88
42.88
42.88
42.75
42.75
42.88
42.88
42.88
42.88
42.75
42.75
42.63
42.75
42.75
42.63
42.63
42.63
42.51
42.51
42.51
42.51
42.39
42.27
42.27
42.27
42.27
42.27
42.27
42.27
42.27
42.27
42.27
42.27
42.27
42.15
42.27
42.27
42.15
42.15
42.15
42.15
42.15
42.15
42.03
42.03
42.03
41.91
41.91
41.91
41.91
41.79
41.79
41.79
41.79
41.79
41.79
41.79
41.79
41.79
41.66
41.66
41.66
41.66
41.66
41.54
41.54
41.54
41.54
41.54
41.54
41.42
41.42
41.42
41.42
41.42
41.42
41.42
41.42
41.3
41.3
41.3
41.18
41.18
41.18
41.18
41.18
41.18
41.18
41.18
41.06
41.18
40.94
40.94
41.06
41.06
40.94
40.94
40.94
40.94
41.06
41.18
41.18
41.3
41.3
41.42
41.42
41.42
41.54
41.54
41.42
41.54
41.42
41.42
41.42
41.42
41.42
41.3
41.3
41.3
41.3
41.3
41.18
41.18
41.06
41.06
41.06
41.06
41.06
40.94
40.94
40.94
40.94
41.06
40.94
40.94
40.82
40.94
40.82
40.82
40.82
40.82
40.82
40.82
40.82
40.82
40.69
40.69
40.57
40.57
40.57
40.57
40.57
40.45
40.45
40.57
40.45
40.45
40.45
40.33
40.45
40.33
40.33
40.33
40.33
40.21
40.21
40.21
40.21
40.21
40.09
40.09
40.09
40.09
40.09
40.09
40.09
40.09
39.97
39.97
40.09
40.09
39.85
39.85
39.85
39.85
39.85
39.85
39.85
39.73
39.73
39.73
39.73
39.6
39.6
39.6
39.6
39.6
39.6
39.6
39.6
39.6
39.73
39.73
39.85
39.85
39.97
39.97
39.97
40.09
40.09
40.09
39.97
39.97
39.97
40.09
39.97
39.97
39.97
39.85
39.85
39.85
39.73
39.73
39.6
39.6
39.48
39.6
39.6
39.48
39.48
39.48
39.48
39.48
39.48
39.48
39.48
39.36
39.36
39.36
39.36
39.36
39.36
39.36
39.36
39.36
39.36
39.36
39.24
39.12
39.12
39.12
39.12
39.12
39.12
39.12
39.12
39
39
39
38.88
39
38.88
38.88
38.88
38.76
38.88
38.88
38.76
38.88
38.88
38.76
38.76
38.64
38.76
38.76
38.76
38.64
38.76
38.64
38.64
38.64
38.64
38.64
38.64
38.64
38.51
38.51
38.39
38.51
38.51
38.51
38.51
38.64
38.76
38.76
38.88
38.88
38.88
38.88
38.88
38.88
39
38.88
38.88
38.88
38.88
38.88
38.88
38.76
38.76
38.76
38.64
38.64
38.64
38.64
38.64
38.64
38.51
38.39
38.39
38.39
38.39
38.39
38.39
38.39
38.39
38.27
38.39
38.39
38.39
38.39
38.39
38.39
38.27
38.27
38.27
38.15
38.15
38.15
38.15
38.15
38.15
38.15
38.15
38.03
38.03
38.03
37.91
37.91
37.79
37.91
37.91
37.91
37.79
37.91
37.79
37.79
37.91
37.79
37.79
37.79
37.79
37.67
37.67
37.67
37.67
37.55
37.67
37.67
37.67
37.55
37.55
37.55
37.42
37.55
37.42
37.42
37.42
37.55
37.42
37.55
37.55
37.67
37.67
37.79
37.79
37.79
37.91
37.91
37.91
37.91
37.91
37.91
37.91
37.91
37.91
37.79
37.91
37.91
37.79
37.79
37.67
37.67
37.67
37.67
37.67
37.55
37.55
37.55
37.55
37.42
37.42
37.42
37.42
37.42
37.42
37.42
37.42
37.42
37.3
37.3
37.3
37.3
37.3
37.42
37.42
37.3
37.18
37.18
37.3
37.18
37.18
37.18
37.18
37.06
37.06
36.94
36.94
36.94
36.94
36.94
36.94
36.94
36.94
36.82
36.94
36.82
36.82
36.82
36.7
36.82
36.7
36.7
36.7
36.7
36.7
36.7
36.7
36.7
36.7
36.58
36.7
36.7
36.58
36.58
36.58
36.58
36.46
36.46
36.46
36.46
36.46
36.46
36.46
36.58
36.58
36.7
36.7
36.82
36.82
36.94
36.94
36.94
36.94
36.82
36.94
36.94
36.94
36.82
36.82
36.82
36.82
36.82
36.7
36.7
36.7
36.7
36.58
36.7
36.58
36.46
36.46
36.46
36.46
36.46
36.46
36.46
36.46
36.46
36.46
36.46
36.33
36.46
36.33
36.46
36.33
36.46
36.33
36.33
36.33
36.21
36.21
36.21
36.21
36.21
36.21
36.21
36.09
36.09
36.09
36.09
35.97
35.97
35.97
35.97
35.97
35.97
35.85
35.97
35.97
35.97
35.85
35.85
35.85
35.85
35.85
35.73
35.73
35.73
35.73
35.73
35.73
35.73
35.73
35.61
35.61
35.73
35.61
35.61
35.61
35.61
35.61
35.49
35.49
35.49
35.49
35.49
35.37
35.37
35.37
35.37
35.37
35.37
35.37
35.37
35.49
35.61
35.61
35.73
35.73
35.73
35.73
35.85
35.85
35.85
35.73
35.73
35.73
35.73
35.73
35.73
35.61
35.61
35.61
35.73
35.49
35.49
35.49
35.49
35.49
35.49
35.37
35.37
35.37
35.37
35.37
35.37
35.37
35.37
35.37
35.24
35.24
35.37
35.24
35.24
35.24
35.24
35.24
35.24
35.24
35.24
35.12
35.24
35.24
35.12
35.12
35.12
35.12
35.12
35
35.12
35
35.12
35
35.12
35
35
35
35
34.88
34.88
35
35
34.88
34.88
34.88
34.88
34.88
34.88
34.76
34.76
34.76
34.76
34.76
34.76
34.76
34.76
34.76
34.76
34.64
34.76
34.64
34.64
34.64
34.64
34.52
34.64
34.64
34.64
34.76
34.76
34.76
34.88
34.88
35
35
35
35
35
35
35
35
35
35
35
35
35
35
34.88
34.88
34.76
34.76
34.76
34.76
34.76
34.76
34.64
34.64
34.76
34.76
34.64
34.64
34.76
34.64
34.64
34.52
34.64
34.64
34.52
34.64
34.52
34.52
34.64
34.52
34.52
34.52
34.52
34.4
34.4
34.4
34.4
34.27
34.4
34.27
34.27
34.27
34.27
34.15
34.27
34.27
34.27
34.15
34.15
34.15
34.15
34.15
34.15
34.03
34.03
34.03
34.03
34.03
34.03
34.03
34.03
34.03
34.03
34.03
34.03
33.91
34.03
33.91
34.03
33.91
34.03
34.03
33.91
33.91
33.91
33.91
33.91
33.91
34.03
34.03
34.03
34.03
34.15
34.27
34.27
34.27
34.4
34.4
34.52
34.52
34.4
34.4
34.4
34.4
34.27
34.4
34.4
34.27
34.27
34.27
34.27
34.27
34.15
34.27
34.15
34.15
34.15
34.15
34.03
34.03
34.15
34.03
34.03
33.91
34.03
34.03
33.91
34.03
33.91
33.91
34.03
34.03
34.03
33.91
34.03
33.91
33.91
33.91
33.79
33.79
33.79
33.79
33.79
33.67
33.67
33.67
33.67
33.55
33.55
33.55
33.55
33.55
33.55
33.43
33.55
33.55
33.55
33.43
33.55
33.43
33.43
33.43
33.43
33.43
33.43
33.43
33.43
33.43
33.43
33.31
33.43
33.31
33.43
33.43
33.55
33.43
33.55
33.55
33.67
33.67
33.79
33.67
33.67
33.67
33.79
33.79
33.67
33.67
33.67
33.79
33.67
33.55
33.55
33.55
33.55
33.43
33.55
33.55
33.55
33.55
33.43
33.55
33.43
33.43
33.31
33.31
33.43
33.43
33.31
33.31
33.31
33.31
33.31
33.31
33.31
33.31
33.31
33.31
33.18
33.31
33.18
33.18
33.18
33.06
33.18
33.06
33.06
33.06
33.06
32.94
33.06
33.06
33.06
33.06
33.06
32.94
33.06
32.94
33.06
33.06
33.06
33.06
33.06
33.06
33.06
33.06
33.06
32.94
33.06
33.06
33.06
32.94
33.06
33.06
33.06
33.06
33.06
33.06
33.06
33.06
33.06
33.06
33.18
33.18
33.31
33.31
33.43
33.43
33.55
33.55
33.79
33.79
33.91
34.03
34.03
34.03
34.03
34.03
34.03
34.03
34.15
34.03
34.03
34.03
34.03
34.03
34.03
34.03
34.03
34.03
33.91
34.03
34.03
34.03
34.03
33.91
33.91
33.91
34.03
33.91
34.03
33.91
33.91
33.91
33.91
33.91
33.91
34.03
33.91
33.91
33.91
33.91
34.03
33.79
33.79
33.79
33.79
33.79
33.79
33.67
33.79
33.79
33.67
33.67
33.67
33.55
33.67
33.67
33.55
33.55
33.55
33.55
33.55
33.55
33.55
33.55
33.43
33.55
33.55
33.43
33.43
33.43
33.43
33.31
33.43
33.31
33.31
33.31
33.31
33.31
33.31
33.31
33.31
33.31
33.18
33.18
33.18
33.18
33.18
33.18
33.18
33.06
33.06
33.06
33.06
32.94
32.94
32.94
33.06
32.94
32.94
32.94
32.94
32.94
33.06
33.06
33.06
33.18
33.31
33.18
33.31
33.31
33.31
33.18
33.18
33.18
33.18
33.18
33.06
33.06
33.06
33.06
32.94
33.06
32.94
32.94
32.94
32.94
32.82
32.82
32.82
32.82
32.82
32.82
32.7
32.82
32.7
32.7
32.82
32.58
32.7
32.58
32.7
32.7
32.58
32.58
32.58
32.58
32.58
32.58
32.58
32.46
32.46
32.46
32.46
32.34
32.34
32.34
32.34
32.34
32.34
32.22
32.22
32.22
32.22
32.09
32.09
32.09
32.09
32.09
32.22
32.09
32.09
32.09
32.09
31.97
31.97
31.97
31.97
31.97
31.97
31.85
31.85
31.85
31.85
31.85
31.73
31.85
31.85
31.85
31.73
31.73
31.73
31.73
31.73
31.73
31.73
31.61
31.61
31.61
31.61
31.61
31.61
31.61
31.61
31.49
31.61
31.73
31.73
31.73
31.85
31.85
31.85
31.85
31.73
31.85
31.85
31.85
31.73
31.73
31.73
31.61
31.73
31.61
31.61
31.61
31.61
31.61
31.61
31.49
31.37
31.37
31.37
31.37
31.37
31.37
31.37
31.37
31.37
31.37
31.49
31.37
31.37
31.37
31.25
31.25
31.25
31.25
31.25
31.13
31.13
31.13
31.13
31
31
30.88
30.88
30.88
30.88
30.88
30.88
30.76
30.64
30.64
30.64
30.64
30.64
30.52
30.52
30.52
30.52
30.52
30.52
30.4
30.4
30.4
30.4
30.4
30.28
30.16
30.16
30.16
30.16
30.04
30.04
29.91
29.91
29.79
29.79
29.79
29.67
29.67
29.67
29.67
29.55
29.67
29.67
29.67
29.67
29.55
29.67
29.67
29.55
29.55
29.55
29.43
29.31
29.31
29.19
29.19
29.19
29.07
29.07
28.95
28.82
28.7
28.7
28.7
28.46
28.46
28.34
28.34
28.22
28.22
28.1
27.98
27.98
27.98
27.86
27.86
27.86
27.73
27.73
27.61
27.61
27.49
27.49
27.37
27.37
27.25
27.13
27.13
27.01
27.01
27.01
26.89
26.76
26.64
26.64
26.52
26.4
26.4
26.28
26.28
26.16
26.04
26.04
25.92
25.8
25.8
25.67
25.55
25.55
25.43
25.43
25.31
25.19
25.07
25.07
24.95
24.83
24.71
24.71
24.58
24.58
24.46
24.34
24.22
24.1
24.1
23.98
23.86
23.86
23.74
23.62
23.49
23.37
23.25
23.25
23.13
23.13
23.01
23.01
22.89
22.89
22.77
22.65
22.65
22.53
22.4
22.28
22.16
22.04
21.92
21.92
21.8
21.68
21.68
21.56
21.44
21.31
21.19
21.07
20.95
20.95
20.83
20.71
20.59
20.47
20.47
20.34
20.22
20.1
20.1
19.98
19.98
19.86
19.74
19.74
19.62
19.5
19.5
19.5
19.25
19.25
19.01
19.01
18.89
18.77
18.77
18.77
18.65
18.53
18.41
18.41
18.29
18.29
18.16
18.04
18.04
18.04
17.92
17.8
17.8
17.68
17.56
17.56
17.44
17.44
17.32
17.32
17.2
17.07
17.07
16.95
16.83
16.83
16.71
16.71
16.71
16.59
16.59
16.59
16.35
16.35
16.23
16.23
16.11
16.11
16.11
15.86
15.86
15.86
15.74
15.74
15.62
15.5
15.5
15.5
15.38
15.38
15.26
15.26
15.14
15.14
15.14
15.02
15.02
15.02
14.89
14.89
14.89
14.77
14.77
14.65
14.65
14.65
14.65
14.53
14.41
14.41
14.29
14.41
14.29
14.17
14.17
14.05
14.05
13.93
13.93
13.8
13.8
13.8
13.68
13.68
13.68
13.44
13.44
13.44
13.44
13.32
13.32
13.2
13.2
13.08
13.08
13.08
12.96
12.96
12.96
12.83
12.71
12.71
12.71
12.71
12.59
12.59
12.47
12.47
12.35
12.35
12.23
12.23
12.23
12.23
12.23
12.11
12.11
11.99
11.99
11.99
11.99
11.87
11.87
11.74
11.74
11.74
11.62
11.62
11.62
11.5
11.5
11.5
11.38
11.38
11.38
11.26
11.26
11.26
11.14
11.14
11.14
11.14
11.02
11.02
11.02
11.02
10.9
10.9
10.78
10.78
10.78
10.78
10.78
10.78
10.65
10.65
10.53
10.53
10.41
10.53
10.41
10.53
10.53
10.41
10.41
10.41
10.41
10.29
10.29
10.29
10.29
10.29
10.17
10.17
10.17
10.17
10.05
10.05
10.05
10.05
9.93
9.93
9.81
9.93
9.81
9.81
9.81
9.81
9.81
9.69
9.56
9.56
9.56
9.56
9.56
9.44
9.56
9.56
9.44
9.44
9.44
9.32
9.32
9.32
9.32
9.32
9.2
9.2
9.2
9.2
9.08
9.2
9.08
9.08
9.08
9.08
9.08
8.96
8.96
8.96
8.96
8.96
8.84
8.84
8.84
8.72
8.84
8.72
8.72
8.72
8.84
8.72
8.6
8.72
8.6
8.6
8.6
8.6
8.47
8.6
8.6
8.6
8.47
8.47
8.47
8.35
8.35
8.35
8.35
8.23
8.35
8.35
8.23
8.35
8.35
8.23
8.23
8.35
8.35
8.35
8.23
8.35
8.23
8.23
8.23
8.23
8.23
8.23
8.11
8.11
8.11
8.11
7.99
8.11
7.99
8.11
7.99
7.99
7.99
7.99
7.87
7.87
7.87
7.87
7.87
7.75
7.75
7.87
7.75
7.87
7.75
7.75
7.75
7.75
7.63
7.63
7.63
7.63
7.63
7.63
7.51
7.51
7.51
7.63
7.51
7.51
7.51
7.38
7.38
7.38
7.38
7.38
7.38
7.38
7.38
7.38
7.26
7.26
7.26
7.14
7.26
7.26
7.14
7.14
7.02
7.14
7.14
7.02
7.14
7.02
7.02
7.02
7.02
7.02
6.9
6.9
6.9
6.9
6.9
6.9
6.9
6.9
6.9
6.9
6.78
6.78
6.78
6.78
6.66
6.66
6.66
6.66
6.78
6.66
6.66
6.66
6.66
6.66
6.66
6.66
6.54
6.54
6.54
6.54
6.54
6.54
6.54
6.41
6.41
6.41
6.41
6.41
6.29
6.41
6.41
6.41
6.29
6.29
6.29
6.29
6.17
6.29
6.17
6.17
6.17
6.17
6.17
6.17
6.17
6.17
6.17
6.17
6.05
6.05
6.05
6.05
6.05
6.05
5.93
6.05
5.93
6.05
5.93
5.93
5.93
5.93
5.81
5.81
5.81
5.81
5.81
5.81
5.81
5.81
5.81
5.81
5.81
5.81
5.69
5.69
5.69
5.69
5.69
5.69
5.69
5.69
5.69
5.57
5.69
5.57
5.57
5.45
5.57
5.57
5.57
5.57
5.45
5.57
5.45
5.45
5.45
5.45
5.32
5.45
5.32
5.45
5.32
5.32
5.32
5.32
5.32
5.32
5.32
5.32
5.32
5.32
5.2
5.32
5.32
5.2
5.2
5.32
5.2
5.2
5.2
5.2
5.2
5.2
5.2
5.2
5.08
5.2
5.2
5.08
5.08
5.08
5.08
5.08
5.08
5.08
5.08
4.96
4.96
4.96
4.96
4.96
4.96
4.96
4.96
4.96
4.96
4.96
4.96
4.84
4.84
4.96
4.84
4.84
4.84
4.84
4.84
4.84
4.84
4.84
4.84
4.72
4.72
4.72
4.72
4.72
4.72
4.72
4.84
4.72
4.72
4.72
4.72
4.72
4.72
4.72
4.72
4.72
4.72
4.72
4.72
4.6
4.6
4.6
4.6
4.6
4.6
4.6
4.6
4.6
4.6
4.48
4.48
4.6
4.6
4.48
4.6
4.48
4.48
4.6
4.48
4.48
4.6
4.48
4.48
4.48
4.48
4.48
4.48
4.36
4.48
4.48
4.36
4.36
4.36
4.48
4.36
4.36
4.36
4.36
4.36
4.36
4.36
4.36
4.36
4.36
4.36
4.23
4.23
4.23
4.23
4.23
4.23
4.23
4.23
4.11
4.23
4.11
4.11
4.11
4.11
4.11
4.11
4.11
3.99
4.11
4.11
3.99
3.99
4.11
3.99
3.99
3.99
3.99
3.99
3.99
3.99
3.99
3.87
3.87
3.99
3.99
3.87
3.99
3.87
3.99
3.87
3.87
3.87
3.87
3.87
3.87
3.87
3.87
3.75
3.87
3.87
3.87
3.87
3.87
3.87
3.87
3.75
3.75
3.75
3.75
3.63
3.75
3.75
3.75
3.75
3.75
3.63
3.63
3.75
3.75
3.63
3.63
3.63
3.63
3.63
3.63
3.63
3.63
3.51
3.63
3.63
3.63
3.63
3.51
3.51
3.63
3.51
3.63
3.51
3.51
3.51
3.51
3.51
3.51
3.51
3.51
3.51
3.51
3.39
3.39
3.51
3.39
3.51
3.51
3.39
3.51
3.39
3.39
3.39
3.39
3.39
3.39
3.39
3.39
3.39
3.39
3.27
3.39
3.27
3.27
3.39
3.27
3.39
3.27
3.27
3.27
3.39
3.27
3.27
3.27
3.27
3.27
3.27
3.27
3.27
3.27
3.14
3.27
3.27
3.27
3.27
3.14
3.14
3.14
3.14
3.14
3.14
3.14
3.14
3.27
3.14
3.14
3.14
3.14
3.14
3.14
3.14
3.02
3.02
3.14
3.02
3.14
3.14
3.02
2.9
3.02
3.02
3.02
3.02
3.02
3.02
3.02
3.02
3.02
3.02
3.02
3.02
3.02
2.9
3.02
3.02
3.02
3.02
3.02
3.02
2.9
3.02
3.02
3.02
3.02
2.9
2.78
2.78
2.78
2.78
2.9
2.9
2.9
2.9
2.9
2.78
2.9
2.9
2.78
2.78
2.78
2.78
2.78
2.78
2.78
2.78
2.78
2.78
2.78
2.78
2.78
2.78
2.78
2.78
2.78
2.78
2.78
2.78
2.66
2.66
2.78
2.78
2.78
2.66
2.78
2.78
2.66
2.66
2.78
2.66
2.66
2.66
2.78
2.66
2.66
2.66
2.66
2.78
2.78
2.66
2.66
2.66
2.66
2.66
2.54
2.66
2.66
2.66
2.66
2.54
2.54
2.66
2.66
2.66
2.42
2.54
2.66
2.54
2.54
2.54
2.54
2.54
2.54
2.54
2.66
2.54
2.54
2.54
2.54
2.54
2.54
2.54
2.54
2.42
2.54
2.42
2.54
2.42
2.42
2.42
2.54
2.42
2.42
2.42
2.42
2.42
2.42
2.42
2.42
2.42
2.42
2.42
2.42
2.42
2.3
2.42
2.42
2.42
2.42
2.42
2.3
2.3
2.3
2.3
2.3
2.3
2.42
2.3
2.3
2.3
2.3
2.3
2.3
2.3
2.18
2.3
2.3
2.3
2.3
2.3
2.3
2.3
2.3
2.3
2.3
2.18
2.3
2.3
2.3
2.3
2.3
2.3
2.3
2.18
2.3
2.18
2.3
2.3
2.18
2.18
2.3
2.3
2.18
2.18
2.3
2.3
2.18
2.18
2.18
2.18
2.18
2.18
2.18
2.18
2.18
2.18
2.18
2.18
2.18
2.18
2.18
2.05
2.05
2.05
2.18
2.18
2.18
2.05
2.18
2.18
2.18
2.18
2.05
2.05
2.18
2.18
2.18
2.05
2.18
2.05
2.18
2.18
2.05
2.05
2.18
2.18
2.05
1.93
2.05
2.05
2.05
2.05
2.05
1.93
2.05
2.05
2.05
2.05
2.05
2.05
2.05
2.05
2.05
2.05
2.05
2.05
2.05
2.05
2.05
1.93
2.05
1.93
2.05
1.93
1.93
1.93
2.05
2.05
2.05
2.05
2.05
2.05
2.05
1.93
1.93
1.93
2.05
2.05
2.05
2.05
1.93
1.93
1.93
1.93
1.93
1.93
1.93
2.05
1.93
2.05
1.93
1.93
1.93
1.93
1.93
1.93
1.93
1.93
1.93
1.93
1.93
1.93
1.93
1.93
1.93
1.93
1.93
1.81
1.93
1.81
1.93
1.81
1.93
1.93
1.81
1.81
1.93
1.81
1.81
1.93
1.81
1.81
1.81
1.81
1.93
1.81
1.81
1.81
1.81
1.81
1.81
1.81
1.81
1.81
1.81
1.81
1.81
1.81
1.81
1.81
1.81
1.81
1.81
1.81
1.81
1.81
1.81
1.81
1.81
1.81
1.81
1.81
1.81
1.81
1.81
1.81
1.81
1.81
1.69
1.81
1.81
1.81
1.81
1.81
1.81
1.81
1.81
1.69
1.81
1.81
1.69
1.81
1.81
1.81
1.81
1.81
1.81
1.81
1.81
1.81
1.81
1.69
1.81
1.69
1.69
1.81
1.69
1.69
1.81
1.81
1.69
1.69
1.81
1.69
1.69
1.69
1.69
1.69
1.81
1.69
1.69
1.69
1.69
1.69
1.69
1.69
1.69
1.57
1.69
1.57
1.69
1.69
1.69
1.69
1.69
1.69
1.57
1.69
1.57
1.69
1.69
1.69
1.81
1.69
1.57
1.57
1.81
1.57
1.57
1.57
1.69
1.57
1.57
1.57
1.57
1.57
1.69
1.69
1.57
1.57
1.69
1.57
1.69
1.57
1.57
1.57
1.57
1.57
1.57
1.57
1.57
1.57
1.69
1.57
1.57
1.57
1.57
1.57
1.57
1.57
1.57
1.57
1.57
1.57
1.57
1.57
1.57
1.57
1.57
1.57
1.57
1.57
1.57
1.57
1.57
1.57
1.57
1.57
1.57
1.57
1.57
1.57
1.45
1.57
1.57
1.45
1.57
1.45
1.45
1.57
1.45
1.57
1.57
1.45
1.57
1.57
1.57
1.57
1.57
1.57
1.57
1.57
1.57
1.45
1.57
1.57
1.57
1.57
1.57
1.57
1.57
1.57
1.57
1.57
1.57
1.57
1.57
1.57
1.45
1.57
1.45
1.57
1.57
1.57
1.45
1.45
1.57
1.45
1.45
1.45
1.57
1.57
1.57
1.45
1.57
1.45
1.45
1.57
1.45
1.45
1.57
1.45
1.45
1.45
1.45
1.57
1.45
1.45
1.45
1.45
1.45
1.45
1.57
1.45
1.45
1.45
1.45
1.45
1.33
1.33
1.45
1.45
1.45
1.45
1.45
1.45
1.45
1.45
1.45
1.45
1.45
1.45
1.57
1.45
1.33
1.45
1.45
1.45
1.45
1.45
1.45
1.33
1.45
1.45
1.45
1.45
1.45
1.45
1.45
1.45
1.45
1.45
1.33
1.33
1.45
1.45
1.45
1.33
1.45
1.33
1.45
1.45
1.33
1.33
1.45
1.33
1.33
1.33
1.45
1.33
1.33
1.33
1.33
1.33
1.45
1.33
1.33
1.33
1.33
1.33
1.33
1.33
1.33
1.33
1.33
1.33
1.33
1.33
1.33
1.33
1.33
1.33
1.33
1.33
1.33
1.33
1.33
1.33
1.33
1.33
1.33
1.33
1.33
1.33
1.33
1.33
1.33
1.33
1.33
1.33
1.33
1.21
1.33
1.33
1.33
1.33
1.33
1.33
1.33
1.21
1.33
1.33
1.33
1.21
1.45
1.33
1.33
1.33
1.33
1.33
1.33
1.21
1.33
1.33
1.33
1.33
1.33
1.33
1.33
1.33
1.33
1.33
1.33
1.33
1.33
1.33
1.33
1.33
1.33
1.33
1.33
1.21
1.33
1.33
1.33
1.33
1.33
1.33
1.33
1.33
1.33
1.33
1.33
1.33
1.33
1.33
1.33
1.33
1.33
1.33
1.33
1.33
1.33
1.33
1.33
1.21
1.33
1.33
1.33
1.33
1.33
1.21
1.33
1.33
1.33
1.21
1.33
1.33
1.33
1.33
1.33
1.21
1.33
1.33
1.33
1.21
1.33
1.21
1.33
1.21
1.33
1.21
1.33
1.33
1.21
1.21
1.21
1.21
1.21
1.33
1.21
1.21
1.21
1.21
1.21
1.21
1.21
1.21
1.21
1.21
1.21
1.21
1.21
1.21
1.21
1.21
1.21
1.21
1.21
1.21
1.21
1.21
1.21
1.21
1.21
1.21
1.21
1.21
1.21
1.09
1.21
1.21
1.21
1.09
1.21
1.09
1.21
1.09
1.21
1.21
1.09
1.09
1.09
1.21
1.21
1.21
1.21
1.21
1.21
1.09
1.21
1.09
1.09
1.09
1.21
1.09
1.09
1.09
1.09
1.09
1.09
1.09
1.09
1.09
1.09
1.09
1.09
1.09
1.09
1.09
1.21
1.09
1.09
1.09
1.09
1.09
1.21
1.21
1.09
1.21
1.09
1.21
1.09
1.09
1.21
1.09
1.09
1.09
1.09
1.21
1.21
1.21
1.21
1.21
1.09
1.09
1.09
1.09
1.21
1.21
1.21
1.09
1.21
1.21
1.21
1.09
1.21
1.09
1.21
1.09
1.21
1.21
1.21
1.09
1.21
1.21
1.21
1.21
1.21
1.21
1.21
1.09
1.21
1.21
1.21
1.21
1.21
1.21
1.21
1.21
1.21
1.09
1.21
1.21
1.21
1.21
1.09
1.09
1.21
1.21
1.21
1.09
1.09
1.21
1.21
1.21
1.09
1.21
1.21
1.09
1.33
1.21
1.21
1.21
1.21
1.21
1.21
1.21
1.21
1.21
1.21
1.21
1.21
1.21
1.21
1.21
1.21
1.21
1.21
1.21
1.21
1.33
1.33
1.21
1.33
1.21
1.21
1.21
1.21
1.21
1.21
1.21
1.21
1.33
1.21
1.21
1.33
1.33
1.33
1.33
1.21
1.21
1.33
1.33
1.33
1.21
1.33
1.33
1.33
1.33
1.21
1.21
1.21
1.33
1.33
1.33
1.33
1.33
1.33
1.33
1.33
1.33
1.33
1.33
1.33
1.33
1.33
1.21
1.33
1.21
1.33
1.33
1.33
1.33
1.33
1.33
1.33
1.21
1.33
1.33
1.33
1.33
1.33
1.33
1.33
1.33
1.33
1.33
1.33
1.33
1.45
1.45
1.45
1.33
1.45
1.45
1.45
1.33
1.45
1.33
1.45
1.33
1.45
1.33
1.33
1.33
1.33
1.33
1.33
1.33
1.33
1.45
1.33
1.33
1.45
1.33
1.45
1.33
1.45
1.33
1.45
1.45
1.45
1.33
1.45
1.45
1.45
1.33
1.45
1.45
1.33
1.45
1.45
1.45
1.45
1.45
1.45
1.45
1.45
1.45
1.45
1.45
1.45
1.45
1.45
1.45
