1.009055
1.513139
1.217528
1.384569
1.305981
1.372074
1.371745
1.401668
1.448361
1.441127
1.500315
1.489793
1.538129
1.539774
1.500315
1.472036
1.460527
1.493081
1.503274
1.54635
1.594687
1.618033
1.604223
1.572985
1.566408
1.558845
1.566408
1.571669
1.599619
1.616389
1.634474
1.63842
1.619677
1.60784
1.61047
1.615731
1.609813
1.611786
1.625596
1.628227
1.638749
1.630528
1.636447
1.628556
1.631186
1.627898
1.640722
1.642366
1.647627
1.639407
1.633159
1.633159
1.640064
1.651902
1.651902
1.646641
1.640393
1.648943
1.644997
1.644668
1.639078
1.045225
0.455318
0.520425
0.869634
1.151763
1.112634
1.025824
0.995902
1.006424
0.997217
0.895282
0.928164
1.011027
1.094548
1.077778
1.008726
0.949209
0.933097
0.988668
1.037004
1.048513
1.026811
0.995573
0.989325
0.984722
0.998861
1.008068
1.023852
1.03273
1.019248
1.004451
0.988996
0.995244
1.005109
1.013658
1.018262
1.014645
1.007739
1.00741
1.00182
1.006095
1.007082
1.013329
1.01037
1.010699
1.013329
1.005766
1.006753
1.002478
0.806171
0.007134
0.001873
0.002201
0.001544
0.001873
0.002201
0.001873
0.002201
-0.0001
0.002201
0.189301
0.507272
0.551992
0.581257
0.70325
0.794991
0.979789
1.173137
1.217857
1.173794
1.177083
1.161957
1.088301
1.048184
1.044567
1.025167
1.012014
1.028126
1.035031
1.038649
1.027469
1.019906
1.023194
1.014973
1.02155
1.019248
1.021221
1.020234
1.030099
1.02155
1.011685
1.022536
1.025496
1.028126
1.020563
1.016617
1.022207
1.014316
1.02155
1.01859
1.022865
1.03273
1.019577
1.015631
1.013329
1.017275
1.02155
1.019906
1.018919
1.018919
1.021879
1.017604
1.017933
1.017604
1.01596
1.022536
1.021221
1.019577
1.020563
1.020563
1.023523
1.022536
1.020892
1.019248
1.014645
1.019248
1.017933
1.015631
1.027797
1.017933
1.019248
1.017275
1.018262
1.019906
1.016946
1.019248
1.022207
1.024838
1.024509
1.018919
1.019248
1.018919
1.019906
1.011356
1.016946
1.022865
1.023194
1.022207
1.017933
1.018919
1.016617
1.016617
1.01859
1.017604
1.019577
1.017933
1.024509
1.022865
1.021221
1.01859
1.017275
1.021879
1.019906
1.017604
1.017604
1.014973
1.016289
1.020892
1.019577
1.020563
1.017933
1.019248
1.02155
1.017933
1.020563
1.016617
1.023523
1.025496
1.023852
1.018919
1.014316
1.017604
1.01859
1.019906
1.012014
1.014316
1.02155
1.022865
1.021879
1.01859
1.016946
1.014316
1.016617
1.021879
1.02418
1.021221
1.017604
1.017275
1.020234
1.017933
1.021221
1.019577
1.021879
1.021879
1.020234
1.020563
1.019577
1.019577
1.016946
1.01859
1.018262
1.019248
1.020234
1.022207
1.013329
1.01596
1.016617
1.022536
1.022207
1.020234
1.019906
1.019577
1.025496
1.016946
1.02418
1.019577
1.016617
1.01859
1.016617
1.022207
1.01859
1.02155
1.02155
1.020234
1.019906
1.018262
1.017275
1.019577
1.011685
1.014645
1.03536
1.367471
1.381939
1.365827
1.275072
1.387529
1.368786
1.435537
1.446388
1.473351
1.505247
1.507549
1.561805
1.51577
1.487491
1.435537
1.46809
1.475653
1.508864
1.559832
1.601921
1.611128
1.594029
1.573642
1.56312
1.555886
1.561805
1.566079
1.592056
1.610799
1.625596
1.61343
1.601921
1.591727
1.609484
1.60784
1.615403
1.619349
1.629871
1.635132
1.6302
1.634146
1.636118
1.628884
1.641051
1.638749
1.640393
1.634146
1.638091
1.633488
1.625925
1.629213
1.644668
1.653875
1.653546
1.660122
1.662424
1.65256
1.650587
1.65815
1.455266
0.732186
0.41027
0.658201
1.018262
1.174781
1.058707
1.00741
0.987023
1.022207
0.950853
0.893309
0.966965
1.048184
1.103426
1.048184
0.980447
0.933097
0.949538
1.019248
1.04654
1.045225
1.011356
0.989983
0.983406
0.987352
1.001492
1.013658
1.02977
1.028784
1.013658
0.998532
0.990969
1.004122
1.008397
1.013987
1.013987
1.009055
1.006753
1.004122
1.008397
1.009712
1.010041
1.01037
1.009712
1.010041
1.006424
1.00478
1.002807
0.99623
0.380347
0.002201
0.001873
0.003188
0.002201
0.002201
0.00253
0.002201
0.001873
0.001873
0.008449
0.339573
0.540812
0.537852
0.64176
0.794005
0.87917
1.080409
1.202731
1.18629
1.170506
1.178398
1.126773
1.06627
1.037333
1.038977
1.021221
1.021221
1.036676
1.040293
1.031086
1.012672
1.025167
1.020234
1.020234
1.022865
1.020563
1.031086
1.030428
1.016617
1.014316
1.00741
1.02155
1.023194
1.026153
1.028455
1.024838
1.02155
1.017604
1.014316
1.015302
1.019906
1.022536
1.018262
1.020563
1.017604
1.022536
1.017933
1.016289
1.020892
1.016289
1.02418
1.026482
1.019906
1.013987
1.014973
1.023194
1.022865
1.02155
1.021879
1.017604
1.017604
1.022536
1.019577
1.017604
1.025824
1.023523
1.019906
1.018262
1.017933
1.016617
1.014316
1.011685
1.018919
1.022207
1.02155
1.02155
1.023194
1.023523
1.015631
1.015302
1.020234
1.019577
1.020892
1.016289
1.018262
1.018262
1.020563
1.020892
1.017275
1.014645
1.014645
1.020563
1.022536
1.02155
1.01859
1.016289
1.020892
1.020563
1.017604
1.013
1.010699
1.029113
1.029113
1.023194
1.016617
1.015302
1.020563
1.024838
1.011356
1.016289
1.01859
1.02155
1.022207
1.022207
1.01859
1.023194
1.016617
1.017933
1.014316
1.018919
1.017933
1.01859
1.01859
1.01859
1.013658
1.022865
1.020892
1.020234
1.016617
1.014645
1.022536
1.024509
1.017275
1.02155
1.018262
1.021221
1.021221
1.014645
1.017933
1.01596
1.015631
1.016617
1.021879
1.023523
1.018919
1.023523
1.019577
1.020892
1.017933
1.018262
1.022865
1.019248
1.01859
1.018262
1.01596
1.01596
1.016617
1.021221
1.023523
1.025496
1.020563
1.018262
1.018262
1.016946
1.01859
1.020563
1.01859
1.020563
1.020563
1.019248
1.019577
1.01596
1.018262
1.01859
1.017933
1.019248
1.016946
1.019577
1.016946
1.021879
1.4431
1.205361
1.401011
1.324395
1.354647
1.371745
1.396407
1.445073
1.43455
1.495383
1.482887
1.524319
1.527607
1.490779
1.479928
1.461843
1.500315
1.496698
1.530895
1.572327
1.612114
1.615731
1.572656
1.551282
1.542404
1.548981
1.560818
1.581205
1.614745
1.631186
1.634474
1.614087
1.597975
1.603565
1.605867
1.608169
1.614416
1.619677
1.627569
1.629542
1.631186
1.631515
1.620664
1.626911
1.628227
1.640722
1.634803
1.637105
1.637763
1.635132
1.63842
1.64138
1.644339
1.642366
1.647956
1.647298
1.63842
1.647298
1.657163
1.659465
1.13302
0.489516
0.494119
0.830833
1.136966
1.126773
1.021879
0.997875
1.003136
1.009055
0.899557
0.92093
1.006424
1.088958
1.087972
1.012343
0.947894
0.92948
0.983406
1.038977
1.048513
1.028126
0.99919
0.987681
0.986366
0.995902
1.006753
1.022536
1.028126
1.023194
1.004451
0.990969
0.993929
1.003465
1.013329
1.014645
1.015631
1.008726
1.005109
1.005766
1.008397
1.010699
1.01037
1.008726
1.008726
1.006753
1.00741
1.00478
1.009383
0.858125
0.067637
0.00253
0.001873
0.001873
0.001544
0.001873
0.00549
0.002201
0.001544
0.00253
0.174833
0.498065
0.546073
0.595068
0.726268
0.803541
0.983406
1.167547
1.214568
1.170506
1.181357
1.167547
1.085012
1.043252
1.036347
1.032401
1.010041
1.031086
1.041279
1.03536
1.031414
1.017275
1.023194
1.009712
1.009712
1.022536
1.025496
1.034703
1.026482
1.015302
1.019577
1.01596
1.021221
1.025167
1.022207
1.020892
1.021879
1.022536
1.020563
1.021221
1.018919
1.019577
1.01859
1.012672
1.023852
1.020234
1.019577
1.024509
1.02155
1.019906
1.017275
1.017933
1.017275
1.019577
1.02155
1.021879
1.021879
1.021221
1.012672
1.01037
1.020563
1.03273
1.020563
1.019577
1.017275
1.016946
1.021221
1.018919
1.016946
1.019906
1.016617
1.022207
1.020234
1.018262
1.020892
1.017275
1.019248
1.019577
1.020563
1.02155
1.018919
1.02155
1.017933
1.019906
1.01859
1.016289
1.017604
1.018262
1.020892
1.019248
1.019577
1.020234
1.017933
1.019248
1.019248
1.019248
1.019577
1.019248
1.020892
1.020563
1.020563
1.020892
1.018262
1.02155
1.017275
1.020234
1.020234
1.016289
1.017933
1.017604
1.022536
1.026153
1.019906
1.018262
1.015631
1.016617
1.016617
1.021221
1.020892
1.019577
1.021879
1.016289
1.019248
1.017933
1.020563
1.018919
1.019906
1.021879
1.020563
1.022536
1.018919
1.01596
1.017933
1.019577
1.018919
1.01596
1.01859
1.019577
1.020563
1.021221
1.016289
1.017604
1.018919
1.017933
1.023523
1.020892
1.020892
1.019577
1.01859
1.021879
1.018262
1.023852
1.016617
1.01859
1.021221
1.017604
1.018919
1.014973
1.020892
1.019906
1.020892
1.020563
1.019906
1.019248
1.021221
1.018262
1.021879
1.017933
1.01859
1.019906
1.019248
1.021221
1.01859
1.014316
1.01037
1.027469
1.026482
1.019906
1.021221
1.015302
1.017933
1.430933
1.358921
1.372074
1.273099
1.388844
1.357277
1.42337
1.437181
1.455924
1.50459
1.491437
1.554242
1.500973
1.487491
1.453293
1.481572
1.501959
1.521359
1.549967
1.594029
1.609155
1.600277
1.563778
1.559503
1.546021
1.560818
1.571998
1.602579
1.626583
1.637434
1.622308
1.603565
1.593043
1.601592
1.602579
1.608826
1.614745
1.618362
1.631844
1.63579
1.633817
1.633817
1.615074
1.62724
1.62165
1.626583
1.624281
1.640064
1.649929
1.652231
1.660122
1.660122
1.664068
1.651244
1.636447
1.638749
1.634803
1.647627
1.652231
1.51577
0.805514
0.418161
0.628279
0.984393
1.170506
1.065283
1.008726
0.993271
1.020892
0.960389
0.889363
0.959402
1.044238
1.103755
1.05772
0.983078
0.930137
0.945263
1.013
1.050157
1.044896
1.012343
0.991627
0.986366
0.990969
1.002149
1.012014
1.028784
1.026153
1.016289
0.997875
0.9936
1.000176
1.007739
1.014645
1.013329
1.010041
1.005766
1.00478
1.008397
1.009383
1.012343
1.01037
1.008726
1.008068
1.007739
1.006753
1.006753
1.006753
0.499709
0.002201
0.007134
0.001873
0.001873
0.001215
0.002201
0.000557
0.002201
-0.000758
0.007134
0.294853
0.525357
0.536866
0.609207
0.774604
0.85944
1.061008
1.201415
1.199771
1.167218
1.174123
1.143214
1.073504
1.047856
1.03536
1.020234
1.013987
1.03832
1.038977
1.035689
1.024509
1.019248
1.020892
1.015302
1.01859
1.028455
1.02714
1.026811
1.016289
1.017933
1.015631
1.009383
1.023194
1.02977
1.026153
1.02714
1.030757
1.02977
1.014316
1.002149
1.00478
1.018262
1.026153
1.025496
1.01859
1.019577
1.017933
1.026153
1.025167
1.026811
1.018262
1.015631
1.010699
1.016617
1.020563
1.013987
1.013987
1.016289
1.028455
1.034374
1.028126
1.015302
1.015302
1.015631
1.015302
1.01037
1.02714
1.024838
1.017604
1.019906
1.016289
1.019248
1.019577
1.017275
1.016289
1.019248
1.022536
1.01859
1.02155
1.02155
1.018919
1.013987
1.013658
1.02155
1.023523
1.025824
1.02155
1.015302
1.016946
1.016289
1.018919
1.01859
1.016289
1.01859
1.018262
1.017275
1.020563
1.020563
1.022536
1.018262
1.02155
1.020234
1.019906
1.017604
1.017275
1.01859
1.020234
1.020563
1.017933
1.018919
1.019906
1.013987
1.017604
1.02155
1.019906
1.021221
1.020234
1.018919
1.016289
1.018919
1.019906
1.02155
1.01859
1.019248
1.020234
1.020563
1.021221
1.021221
1.016289
1.018262
1.02155
1.021879
1.020892
1.017275
1.017604
1.016946
1.018919
1.018919
1.018919
1.018919
1.019248
1.020892
1.026811
1.019906
1.018919
1.015631
1.01859
1.014316
1.018919
1.019577
1.01859
1.022207
1.021221
1.019906
1.020892
1.01859
1.017933
1.01596
1.017933
1.018262
1.019248
1.019906
1.019906
1.019906
1.021221
1.020563
1.022865
1.018919
1.018262
1.017933
1.021879
1.016617
1.019248
1.01859
1.01596
1.016946
1.021879
1.014316
1.024509
1.021221
1.362538
1.201087
1.408902
1.339192
1.330314
1.382925
1.381939
1.43192
1.427645
1.494067
1.494396
1.527278
1.553913
1.495711
1.473351
1.436195
1.489135
1.50459
1.548652
1.596002
1.6302
1.623952
1.586137
1.561476
1.557859
1.561147
1.574958
1.593043
1.618033
1.631515
1.640722
1.625267
1.612114
1.601921
1.608497
1.612114
1.621979
1.62165
1.624281
1.636776
1.636447
1.63579
1.634803
1.63283
1.635132
1.640064
1.640064
1.631186
1.635132
1.632173
1.629542
1.629542
1.6302
1.649929
1.651244
1.642037
1.63842
1.630857
1.639407
1.639736
1.203388
0.532591
0.47439
0.796307
1.116579
1.139268
1.028455
0.995573
0.997546
1.013329
0.912381
0.917642
0.998203
1.083697
1.088958
1.019906
0.955128
0.925534
0.977488
1.036018
1.053446
1.030757
0.999519
0.987352
0.984064
0.998532
1.007082
1.021221
1.031414
1.021221
1.007739
0.99064
0.995244
1.000834
1.013658
1.015302
1.011685
1.008068
1.006424
1.007739
1.009383
1.009383
1.010699
1.008068
1.011027
1.009383
1.005437
1.006095
1.006095
0.905476
0.124194
0.001873
0.001544
0.002201
0.001873
0.001544
0.001873
0.002201
0.002859
0.001544
0.10315
0.456633
0.558568
0.593423
0.718705
0.798608
0.934412
1.139597
1.217857
1.182344
1.176425
1.171821
1.107372
1.06627
1.041279
1.026811
1.01037
1.021221
1.038649
1.036347
1.030099
1.019577
1.02155
1.018919
1.017275
1.023852
1.024509
1.026811
1.02418
1.014973
1.013329
1.01859
1.023523
1.028455
1.026482
1.023852
1.017275
1.014645
1.014973
1.014973
1.023852
1.021879
1.023523
1.021221
1.017933
1.025496
1.01596
1.020234
1.016617
1.015631
1.021221
1.020234
1.021879
1.01859
1.017604
1.019248
1.023194
1.023852
1.019577
1.019248
1.022207
1.022207
1.023194
1.015302
1.018262
1.01859
1.017604
1.018262
1.017933
1.019906
1.021879
1.020234
1.01859
1.019577
1.019248
1.012672
1.01859
1.021221
1.020234
1.021221
1.020563
1.022536
1.022536
1.020892
1.008726
1.016617
1.017604
1.021221
1.020563
1.017933
1.016946
1.020563
1.023852
1.020234
1.018919
1.016289
1.017933
1.018262
1.02714
1.02418
1.014645
1.017275
1.019906
1.02418
1.020563
1.01859
1.018262
1.015631
1.020234
1.016289
1.021879
1.011356
1.019906
1.022865
1.021221
1.022865
1.026153
1.017604
1.019577
1.014973
1.019906
1.019248
1.016617
1.01859
1.017604
1.017604
1.019577
1.022865
1.019906
1.019248
1.019248
1.016946
1.018919
1.017933
1.017275
1.019906
1.021879
1.019906
1.014316
1.017933
1.019248
1.019577
1.020892
1.02155
1.025167
1.014645
1.019248
1.025167
1.019906
1.013658
1.013658
1.019577
1.020234
1.018262
1.021879
1.014973
1.016617
1.022865
1.017933
1.019577
1.014316
1.019906
1.025167
1.023194
1.020234
1.016946
1.016946
1.019248
1.022536
1.017275
1.015631
1.018262
1.017933
1.020563
1.020234
1.016289
1.017933
1.020892
1.018919
1.020563
1.017275
1.493081
1.319463
1.371417
1.280662
1.401668
1.37043
1.425015
1.45428
1.461843
1.51018
1.48782
1.543719
1.510837
1.481243
1.441456
1.459541
1.485518
1.509193
1.559832
1.61047
1.629871
1.61343
1.577588
1.565422
1.558188
1.566408
1.5743
1.599619
1.621979
1.637434
1.625596
1.61902
1.609813
1.615074
1.614745
1.618691
1.620335
1.620335
1.626254
1.634474
1.626583
1.633817
1.629542
1.638749
1.626911
1.628556
1.623294
1.624281
1.634474
1.635461
1.639736
1.639407
1.640064
1.647298
1.64401
1.646641
1.636447
1.635461
1.639078
1.556872
0.869963
0.417504
0.594739
0.951182
1.170177
1.078765
1.012672
0.98801
1.019577
0.971569
0.89298
0.951839
1.036018
1.103426
1.062981
0.988996
0.933754
0.939673
1.009712
1.046211
1.047527
1.014316
0.992285
0.985708
0.989325
1.002149
1.010041
1.026811
1.027469
1.017933
0.999519
0.988668
0.997217
1.007739
1.017275
1.012343
1.010699
1.006095
1.005437
1.009055
1.01037
1.01037
1.010041
1.008726
1.009383
1.009055
1.006753
1.006753
1.00741
0.603617
-0.00306
0.002201
0.001544
0.002859
0.001873
0.002201
0.001873
0.00253
0.001544
0.002201
0.265259
0.521083
0.545744
0.614139
0.762767
0.826887
1.032401
1.193195
1.207663
1.170177
1.179713
1.155709
1.075148
1.050486
1.037004
1.024509
1.013987
1.030757
1.025824
1.025824
1.033387
1.033387
1.031086
1.019577
1.018262
1.020563
1.025496
1.026153
1.013987
1.013
1.021879
1.021879
1.020563
1.02418
1.020234
1.022865
1.019248
1.020234
1.019906
1.017275
1.02418
1.019906
1.02155
1.017604
1.008397
1.026482
1.026811
1.021221
1.014973
1.016289
1.01859
1.020563
1.012343
1.011027
1.02714
1.019906
1.02418
1.027797
1.013987
1.02155
1.017604
1.018919
1.015302
1.012014
1.026482
1.023523
1.022865
1.019906
1.016289
1.017933
1.017933
1.017933
1.017933
1.018919
1.021221
1.025824
1.018919
1.009712
1.020234
1.019906
1.024509
1.022207
1.017275
1.020234
1.017275
1.019577
1.019906
1.01596
1.019577
1.019577
1.020563
1.023523
1.006753
1.018262
1.026153
1.029113
1.021879
1.01037
1.017933
1.018919
1.023523
1.01859
1.017275
1.017275
1.018262
1.027469
1.024509
1.015302
1.010699
1.01596
1.020563
1.020563
1.019577
1.016946
1.019577
1.025824
1.019577
1.019248
1.018262
1.017604
1.022536
1.023523
1.019906
1.016617
1.016289
1.016617
1.017275
1.021221
1.016617
1.013658
1.017275
1.022207
1.026811
1.025496
1.016289
1.014973
1.016289
1.016946
1.018919
1.022536
1.017933
1.020234
1.02155
1.020234
1.021879
1.017933
1.017604
1.019906
1.018262
1.021221
1.020563
1.018919
1.022536
1.018919
1.017933
1.017933
1.011027
1.015631
1.029442
1.02977
1.024509
1.01596
1.014316
1.018262
1.017604
1.013987
1.020234
1.017275
1.020892
1.01596
1.016289
1.021221
1.01859
1.021879
1.022207
1.030099
1.021221
1.017933
1.016946
1.018919
1.236599
1.235942
1.419425
1.360894
1.30631
1.396736
1.379966
1.430933
1.43455
1.481243
1.494067
1.513468
1.556215
1.494067
1.468748
1.42896
1.476968
1.49341
1.532539
1.578575
1.62165
1.618691
1.59929
1.575286
1.569039
1.567395
1.578246
1.590412
1.623623
1.636776
1.640393
1.62461
1.60784
1.603236
1.618691
1.614416
1.622308
1.627898
1.630528
1.640064
1.649271
1.642695
1.639078
1.6302
1.642366
1.643353
1.64401
1.642037
1.639078
1.644339
1.62461
1.634474
1.642695
1.656177
1.657163
1.650258
1.645325
1.637434
1.643681
1.643681
1.291184
0.593423
0.442494
0.746654
1.087972
1.154394
1.033716
0.997875
0.992285
1.020563
0.921259
0.908435
0.986366
1.075148
1.097179
1.030428
0.961704
0.923561
0.968938
1.033059
1.054432
1.036347
1.000176
0.989654
0.985379
0.995902
1.005766
1.018262
1.031414
1.024509
1.009383
0.991956
0.991956
1.004122
1.01037
1.016617
1.012672
1.009712
1.005109
1.00478
1.01037
1.010041
1.011027
1.009383
1.009383
1.008726
1.005766
1.00478
1.008397
0.951839
0.212319
0.001544
0.002201
0.001873
0.000886
0.002201
0.002201
0.002201
0.002201
0.001873
0.072569
0.428026
0.554294
0.549361
0.649981
0.792032
0.911723
1.118552
1.221474
1.192537
1.173466
1.175767
1.120525
1.059693
1.038649
1.027469
1.011027
1.016946
1.037662
1.038977
1.038649
1.01859
1.020563
1.015631
1.01859
1.013
1.025496
1.030099
1.033716
1.019248
1.013987
1.014973
1.02155
1.022865
1.026811
1.023194
1.019577
1.018919
1.020234
1.01859
1.009712
1.026153
1.02155
1.019248
1.026482
1.023523
1.016946
1.016289
1.01596
1.017275
1.015631
1.025167
1.018262
1.02418
1.019906
1.020563
1.020563
1.020563
1.020234
1.020234
1.021221
1.019906
1.019248
1.018262
1.017604
1.021221
1.017933
1.020563
1.021221
1.01859
1.021221
1.017275
1.020563
1.017933
1.016617
1.016617
1.018919
1.02155
1.02418
1.021221
1.021879
1.017604
1.020234
1.01859
1.022865
1.021221
1.017275
1.019248
1.01859
1.019577
1.019577
1.016946
1.018262
1.017933
1.01859
1.016946
1.013987
1.022865
1.022865
1.023852
1.027469
1.019906
1.017604
1.016946
1.021221
1.016617
1.020234
1.013987
1.014973
1.021879
1.017604
1.022207
1.019248
1.023194
1.017275
1.008726
1.023852
1.024509
1.025167
1.018262
1.017604
1.012014
1.020892
1.017933
1.017933
1.026153
1.026811
1.023194
1.01037
1.012343
1.017275
1.023194
1.020234
1.020234
1.017933
1.020892
1.019248
1.018919
1.019906
1.016617
1.020234
1.020892
1.023194
1.021221
1.010041
1.019577
1.01596
1.01037
1.023194
1.027797
1.029442
1.029113
1.016946
1.014645
1.006753
1.014316
1.016617
1.017933
1.019577
1.021879
1.021879
1.016289
1.017604
1.016617
1.018919
1.021221
1.019248
1.020892
1.019577
1.023194
1.02155
1.019248
1.018919
1.017604
1.017933
1.016617
1.019248
1.023523
1.012014
1.016289
1.017933
1.525963
1.274085
1.391804
1.290855
1.370101
1.356948
1.404628
1.431591
1.438167
1.498671
1.475653
1.534841
1.513797
1.496698
1.464473
1.473351
1.497684
1.511495
1.549638
1.582849
1.61343
1.603565
1.570025
1.560489
1.548652
1.563449
1.569696
1.591727
1.615731
1.633159
1.626583
1.608497
1.589426
1.598962
1.610142
1.605867
1.60488
1.619677
1.620664
1.629542
1.627569
1.630528
1.630857
1.637434
1.642695
1.637434
1.630857
1.63579
1.639407
1.645654
1.63842
1.64138
1.637763
1.636776
1.649271
1.644339
1.634803
1.644668
1.644668
1.612114
0.955457
0.433945
0.561856
0.917313
1.168533
1.085999
1.013658
0.986037
1.014973
0.98801
0.891994
0.944934
1.024838
1.101454
1.070873
0.995573
0.9377
0.934083
1.003793
1.046211
1.048842
1.019248
0.993929
0.988668
0.985051
1.000834
1.008726
1.025167
1.033059
1.014645
1.004451
0.989654
0.99919
1.007082
1.012672
1.016617
1.010041
1.008726
1.00478
1.005766
1.01037
1.011356
1.01037
1.009712
1.009712
1.009055
1.00478
1.006753
1.009055
0.716074
0.002201
0.001544
0.00253
0.001873
0.002201
0.000886
0.002201
0.002201
0.002201
0.000228
0.247174
0.512862
0.524371
0.610851
0.763096
0.831491
1.035031
1.190236
1.201744
1.173137
1.190564
1.152092
1.079751
1.030428
1.039306
1.02418
1.006753
1.04095
1.031414
1.035689
1.023194
1.021879
1.014645
1.037662
0.986037
1.031743
1.032072
1.020563
1.044896
0.9936
1.025824
1.011027
1.016289
1.042923
1.023852
1.032072
1.012343
1.017604
1.011685
1.01596
1.020234
1.023194
1.024838
1.024838
1.025167
1.02418
1.022865
1.019906
1.016617
1.008397
1.016946
1.01859
1.019906
1.020563
1.025496
1.022865
1.028126
1.020892
1.010041
1.019248
1.016946
1.024509
1.019577
1.022536
1.023523
1.016617
1.019906
1.01859
1.017275
1.017275
1.019248
1.019248
1.025496
1.02155
1.019248
1.01859
1.011027
1.021879
1.017604
1.020563
1.022536
1.010041
1.02714
1.023852
1.022865
1.020892
1.016289
1.018262
1.016289
1.018919
1.02155
1.018262
1.020234
1.018919
1.019248
1.021221
1.017275
1.018262
1.023194
1.023194
1.020234
1.016289
1.021879
1.017604
1.01859
1.014316
1.020892
1.020892
1.018919
1.020563
1.020234
1.025496
1.018919
1.016946
1.01859
1.019248
1.018262
1.020234
1.017604
1.013658
1.016289
1.02418
1.026153
1.024838
1.01596
1.016946
1.016617
1.019248
1.021221
1.020234
1.019906
1.019248
1.018262
1.022865
1.021879
1.022865
1.018919
1.014316
1.016289
1.017604
1.020563
1.02155
1.018262
1.019906
1.020563
1.02155
1.020234
1.019906
1.01859
1.017933
1.018919
1.019577
1.020892
1.019577
1.017604
1.020234
1.020234
1.018262
1.015631
1.019248
1.020563
1.019906
1.020234
1.020563
1.020563
1.020563
1.017604
1.018262
1.019906
1.019906
1.018262
1.019577
1.011685
1.017275
1.022536
1.02155
1.025496
1.020234
1.016617
1.019906
1.159326
1.270139
1.410875
1.36484
1.302693
1.392132
1.368457
1.437181
1.432906
1.481243
1.49045
1.502617
1.532868
1.475982
1.473351
1.436523
1.502945
1.503932
1.542075
1.573642
1.620664
1.635461
1.604223
1.56575
1.542075
1.535499
1.550296
1.562791
1.603894
1.622966
1.637763
1.623952
1.602579
1.592056
1.590741
1.598633
1.60225
1.611128
1.621321
1.638749
1.639736
1.635461
1.637105
1.639736
1.636447
1.639736
1.636447
1.631844
1.63283
1.637763
1.643681
1.641708
1.641708
1.646641
1.647298
1.64697
1.64138
1.641051
1.639736
1.650915
1.342809
0.629923
0.43526
0.721993
1.074161
1.164587
1.036018
1.00182
0.988339
1.023194
0.928164
0.902516
0.984064
1.068571
1.102111
1.03273
0.964992
0.927178
0.962691
1.029113
1.048184
1.038977
1.00478
0.989983
0.985708
0.990969
1.00478
1.016946
1.031743
1.028784
1.008397
0.993929
0.988996
1.002149
1.012672
1.013658
1.012672
1.008726
1.008397
1.006753
1.008726
1.010041
1.008068
1.011027
1.010041
1.008397
1.006753
1.003465
1.006753
0.970254
0.271835
0.001544
0.001873
0.002201
0.001544
0.002201
0.001544
0.002201
0.001215
0.002201
0.076515
0.426382
0.548704
0.546073
0.679904
0.797951
0.93507
1.143872
1.229037
1.187605
1.173794
1.173137
1.110003
1.067914
1.040621
1.032401
1.009055
1.025167
1.04095
1.037004
1.031086
1.015631
1.023523
1.021221
1.019906
1.017604
1.019906
1.031086
1.025824
1.016617
1.019906
1.01859
1.023523
1.021879
1.02418
1.021879
1.023523
1.022865
1.006424
1.017604
1.017275
1.025824
1.023523
1.019577
1.019248
1.016946
1.019906
1.020563
1.017275
1.01859
1.016946
1.019906
1.019248
1.019906
1.018262
1.018919
1.024838
1.022865
1.022536
1.020563
1.016289
1.013658
1.014973
1.020234
1.020563
1.029113
1.026153
1.01596
1.017604
1.015302
1.01596
1.019248
1.014316
1.022207
1.019577
1.021221
1.021879
1.018262
1.022865
1.022865
1.014973
1.021221
1.013329
1.027469
1.017275
1.017275
1.008397
1.019248
1.020563
1.020234
1.021879
1.017275
1.025824
1.00741
1.016617
1.023194
1.027797
1.027797
1.019577
1.015302
1.017933
1.017933
1.020563
1.012343
1.013658
1.022536
1.021879
1.027469
1.024838
1.017604
1.015631
1.015302
1.019577
1.017275
1.019906
1.020234
1.017604
1.013
1.018262
1.02977
1.02714
1.02977
1.023852
1.009712
1.011356
1.017933
1.020892
1.020892
1.018919
1.016946
1.015631
1.016289
1.02155
1.018262
1.02155
1.016617
1.01859
1.020892
1.020892
1.02155
1.019248
1.020234
1.021879
1.017604
1.018919
1.01859
1.019248
1.018262
1.019577
1.022865
1.020563
1.012014
1.016946
1.019577
1.020563
1.019577
1.019248
1.017604
1.021879
1.017933
1.019577
1.020234
1.017275
1.017275
1.016617
1.022207
1.02155
1.017275
1.020234
1.018262
1.021221
1.019248
1.019248
1.017933
1.017933
1.017604
1.017933
1.02418
1.023523
1.016946
1.016289
1.532868
1.251068
1.388515
1.304994
1.376349
1.357277
1.410546
1.447703
1.444086
1.500644
1.483874
1.544048
1.52958
1.504918
1.47927
1.468748
1.486833
1.491108
1.537143
1.581205
1.603894
1.588768
1.556543
1.552926
1.546679
1.561147
1.570683
1.595673
1.618362
1.630857
1.624939
1.605867
1.600277
1.608826
1.609155
1.625925
1.630528
1.64138
1.637105
1.641708
1.63579
1.644997
1.639736
1.644339
1.646312
1.647956
1.638091
1.640064
1.64697
1.650915
1.646641
1.638091
1.644339
1.640064
1.64697
1.651573
1.64697
1.654861
1.654861
1.640393
1.006424
0.440192
0.538181
0.885417
1.16393
1.098823
1.016289
0.989654
1.008068
0.99623
0.892651
0.941317
1.021879
1.097837
1.07449
0.997875
0.942961
0.934083
0.997217
1.040293
1.045554
1.025824
0.997875
0.989325
0.986695
0.995902
1.009383
1.026153
1.033059
1.021221
0.999519
0.99064
0.995244
1.008397
1.013329
1.014316
1.012343
1.006424
1.006095
1.005437
1.011356
1.011356
1.008068
1.011356
1.011356
1.010041
1.006424
1.00478
1.008726
0.767041
0.016341
0.001873
0.001873
0.001873
0.001215
0.002201
0.001544
0.002201
0.001873
0.00253
0.194891
0.486885
0.53851
0.613482
0.760465
0.83445
1.015302
1.183659
1.20865
1.163601
1.181686
1.167218
1.093891
1.054761
1.039964
1.030757
1.014973
1.030757
1.030428
1.041608
1.033387
1.025167
1.02977
1.00478
1.017604
1.025496
1.026153
1.035689
1.020892
1.01859
1.019577
1.021879
1.023523
1.022536
1.023852
1.021879
1.022865
1.02155
1.015302
1.009383
1.014973
1.030428
1.031086
1.023852
1.018919
1.013987
1.018919
1.016946
1.017933
1.01596
1.009055
1.024509
1.030428
1.029442
1.020234
1.015631
1.017933
1.02155
1.020892
1.012014
1.013329
1.023852
1.02155
1.025496
1.02155
1.017933
1.016617
1.01859
1.018919
1.019248
1.019577
1.01859
1.019577
1.021879
1.017933
1.019577
1.020234
1.019248
1.019906
1.024509
1.026482
1.018919
1.013329
1.014645
1.022207
1.010699
1.020892
1.022536
1.022207
1.020563
1.019248
1.017933
1.018919
1.019906
1.016617
1.020892
1.017933
1.023852
1.020892
1.019906
1.020234
1.016289
1.013329
1.02155
1.02714
1.021879
1.016946
1.017275
1.015302
1.02155
1.018262
1.020234
1.026153
1.016289
1.019577
1.016946
1.019577
1.018919
1.015302
1.020563
1.021221
1.024838
1.019906
1.016617
1.012672
1.020563
1.024509
1.016946
1.018262
1.016946
1.017275
1.022207
1.017933
1.019906
1.017933
1.017604
1.020563
1.024509
1.01859
1.019577
1.018262
1.020234
1.020892
1.022536
1.01859
1.020234
1.018919
1.019906
1.01859
1.017275
1.016946
1.018262
1.01859
1.020234
1.021221
1.023194
1.017275
1.019577
1.01859
1.018919
1.019577
1.019577
1.019577
1.018262
1.016617
1.024509
1.025824
1.023523
1.006095
1.010699
1.019577
1.024509
1.02714
1.020234
1.02155
1.023523
1.02155
1.02418
1.017604
1.015302
1.06627
1.327026
1.398051
1.373718
1.273428
1.394105
1.369444
1.439483
1.437839
1.478613
1.505576
1.50722
1.544377
1.488477
1.486504
1.442442
1.465789
1.485189
1.524648
1.573313
1.616718
1.629542
1.613101
1.572656
1.562133
1.552926
1.559832
1.568381
1.60225
1.62165
1.622308
1.609484
1.593372
1.587453
1.594687
1.595016
1.604223
1.600606
1.614745
1.627569
1.632501
1.635132
1.633159
1.623294
1.622637
1.621321
1.622966
1.626911
1.628556
1.639736
1.641708
1.635461
1.637434
1.64138
1.636447
1.641051
1.640064
1.63842
1.64401
1.642366
1.408245
0.687138
0.422436
0.685822
1.042266
1.173466
1.046211
1.006095
0.986366
1.022865
0.941317
0.895611
0.978803
1.061666
1.10244
1.040621
0.968938
0.931453
0.955785
1.022536
1.048184
1.038649
1.011356
0.9936
0.987681
0.990312
1.000834
1.013987
1.030428
1.029113
1.011685
0.992285
0.989983
0.999519
1.011685
1.015302
1.014645
1.011027
1.005437
1.006753
1.00741
1.012014
1.009055
1.008397
1.009055
1.007082
1.00741
1.006424
1.007082
0.99064
0.368838
0.001873
0.001873
0.001873
0.002201
0.001873
0.002201
0.001215
0.002201
0.001873
0.05843
0.407968
0.550019
0.556595
0.662476
0.790388
0.894296
1.100467
1.236928
1.206019
1.174452
1.173794
1.119868
1.06627
1.036676
1.025496
1.017933
1.022536
1.043581
1.039964
1.03832
1.016946
1.021879
1.019248
1.017275
1.026482
1.023194
1.025824
1.030428
1.016617
1.014645
1.018262
1.020563
1.025167
1.021879
1.023194
1.016946
1.02155
1.021879
1.015631
1.015302
1.015302
1.026811
1.022865
1.022207
1.020234
1.017275
1.010699
1.010699
1.024838
1.032401
1.023852
1.01859
1.01596
1.020234
1.01859
1.017604
1.019577
1.016946
1.021879
1.023194
1.020892
1.02155
1.026482
1.017933
1.019248
1.017275
1.018919
1.016289
1.013658
1.013
1.030757
1.02418
1.013987
1.010041
1.017604
1.02977
1.022865
1.019248
1.018262
1.018262
1.019577
1.017604
1.018919
1.019577
1.017933
1.018262
1.023194
1.018262
1.017604
1.014973
1.019248
1.019906
1.023194
1.020234
1.01596
1.020234
1.016289
1.022865
1.020234
1.01859
1.022207
1.017604
1.021879
1.019906
1.019248
1.019906
1.016946
1.018262
1.017604
1.018919
1.017604
1.021221
1.019906
1.021221
1.020234
1.020892
1.01859
1.020234
1.01596
1.017933
1.016617
1.02155
1.02418
1.020234
1.020892
1.016946
1.017604
1.016946
1.018262
1.013987
1.014645
1.020234
1.02155
1.021879
1.019906
1.01596
1.017275
1.018262
1.018919
1.023194
1.019577
1.02714
1.022207
1.01859
1.013329
1.017275
1.020563
1.020563
1.016617
1.019906
1.020563
1.017275
1.016946
1.017604
1.018262
1.020234
1.020892
1.019577
1.021879
1.020234
1.017933
1.01037
1.022536
1.02418
1.02418
1.018919
1.019906
1.017604
1.019906
1.016289
1.013987
1.017933
1.022536
1.022865
1.023194
1.017604
1.014645
1.016946
1.019906
1.018919
1.472036
1.202073
1.396407
1.312886
1.35925
1.374376
1.401668
1.447703
1.442113
1.507549
1.492094
1.531553
1.539774
1.497027
1.476311
1.450992
1.473351
1.488148
1.532211
1.583178
1.608826
1.612114
1.58252
1.566408
1.558188
1.558516
1.575615
1.595345
1.613759
1.624939
1.62461
1.620335
1.596989
1.603894
1.607182
1.611786
1.617047
1.614745
1.612772
1.623623
1.622966
1.627898
1.626583
1.636447
1.632501
1.641051
1.630857
1.625267
1.63842
1.632173
1.638091
1.639078
1.637105
1.640722
1.648285
1.642695
1.632173
1.632173
1.626254
1.638091
1.101782
0.479322
0.510231
0.84563
1.145516
1.120854
1.019248
0.992613
1.003465
1.002807
0.900214
0.928164
1.014645
1.092575
1.084355
1.008068
0.945263
0.931124
0.98801
1.039306
1.049171
1.025496
1.000176
0.989654
0.986366
0.995573
1.008068
1.025824
1.032072
1.022536
1.003465
0.987023
0.995244
1.004122
1.014645
1.014645
1.014645
1.008397
1.004451
1.009712
1.010041
1.009055
1.011685
1.007739
1.009383
1.005437
1.006424
1.005766
1.008068
0.842999
0.071912
0.001215
0.001544
0.001873
0.001873
0.002201
0.001873
0.002201
0.002201
0.002201
0.144581
0.488858
0.557253
0.596054
0.730871
0.815378
0.978145
1.158011
1.207334
1.166232
1.182015
1.174452
1.101125
1.056405
1.033387
1.025824
1.015302
1.030757
1.040621
1.037004
1.034703
1.014316
1.021221
1.016289
1.017604
1.02418
1.028455
1.029113
1.018919
1.013987
1.022207
1.02155
1.022207
1.026153
1.02155
1.023194
1.019248
1.01596
1.016946
1.018919
1.021221
1.022865
1.023523
1.020563
1.022207
1.019577
1.020563
1.016617
1.017604
1.014316
1.020563
1.023194
1.02155
1.020563
1.021879
1.019577
1.023523
1.020234
1.023194
1.029442
1.016289
1.023194
1.020563
1.014973
1.026153
1.013658
1.013658
1.02155
1.025824
1.02155
1.019248
1.015302
1.015302
1.011685
1.021221
1.013658
1.021221
1.014645
1.029442
1.022207
1.019577
1.019906
1.016617
1.02418
1.017933
1.014645
1.016617
1.016289
1.022207
1.019577
1.019248
1.022865
1.01596
1.020563
1.017604
1.022207
1.017604
1.01859
1.017933
1.016617
1.026153
1.01859
1.019248
1.026153
1.014645
1.019577
1.013329
1.022207
1.020234
1.013987
1.024838
1.006095
1.026811
1.02155
1.015631
1.02977
1.009712
1.016946
1.014316
1.012014
1.028784
1.016617
1.027469
1.019906
1.017604
1.017933
1.012672
1.025496
1.025824
1.023852
1.026811
1.016289
1.022207
1.026811
1.014316
1.008068
1.020563
1.008397
1.022865
1.021879
1.015631
1.026811
1.01859
1.023523
1.021221
1.02155
1.025496
1.008397
1.013
1.012343
1.011356
1.030428
1.032401
1.023194
1.01037
1.011027
1.02418
1.025496
1.023852
1.020234
1.017275
1.015302
1.018262
1.019577
1.011356
1.017275
1.012014
1.02155
1.030428
1.020563
1.022536
1.02418
1.015631
1.022536
1.017275
1.013987
1.023852
1.012014
1.022536
1.016946
1.021879
1.397065
1.373061
1.371745
1.28395
1.403312
1.352674
1.427974
1.442113
1.4625
1.491437
1.500973
1.534184
1.513139
1.466775
1.442113
1.470392
1.489464
1.524977
1.569696
1.600934
1.618362
1.594029
1.565093
1.544377
1.54635
1.557859
1.571998
1.600934
1.627569
1.642037
1.63283
1.617376
1.60225
1.608169
1.611786
1.606524
1.61343
1.614745
1.624939
1.624939
1.629213
1.637763
1.642366
1.65256
1.645983
1.641708
1.646312
1.642037
1.650258
1.650587
1.648943
1.631515
1.630528
1.639736
1.645983
1.658807
1.651244
1.654204
1.652231
1.480914
0.763753
0.412242
0.639458
0.996559
1.171821
1.061337
1.008726
0.993271
1.028126
0.960718
0.89594
0.965321
1.051144
1.099152
1.043581
0.972226
0.924876
0.94888
1.022865
1.050157
1.049828
1.013658
0.997217
0.98801
0.987023
0.999519
1.008068
1.028784
1.025167
1.013987
0.994915
0.990969
1.002807
1.01037
1.017933
1.014973
1.011685
1.006753
1.001492
1.005766
1.004451
1.008397
1.009383
1.008068
1.009055
1.010699
1.009055
1.009383
1.00182
0.457291
0.003517
0.002201
0.001873
0.001873
0.001215
0.003188
0.001873
0.001873
0.001873
0.023246
0.362261
0.556266
0.54969
0.652283
0.780523
0.869634
1.09685
1.232325
1.201415
1.152421
1.174781
1.13598
1.07186
1.046211
1.032401
1.019906
1.016617
1.037333
1.038977
1.024838
1.01596
1.020563
1.022536
1.022536
1.024838
1.028126
1.019906
1.022536
1.022536
1.022865
1.02155
1.018262
1.022536
1.026811
1.02155
1.018919
1.019577
1.017604
1.018262
1.01859
1.020563
1.017275
1.017933
1.023852
1.02155
1.026482
1.019906
1.020892
1.020234
1.018919
1.020234
1.011356
1.014645
1.020234
1.020563
1.024838
1.022865
1.020892
1.019906
1.019577
1.018262
1.018919
1.019906
1.017933
1.018919
1.019577
1.021221
1.02155
1.018262
1.018262
1.016946
1.020892
1.019906
1.018919
1.020892
1.018919
1.020234
1.021221
1.019577
1.019577
1.019577
1.022865
1.021221
1.020234
1.018919
1.016617
1.017933
1.018919
1.021221
1.016289
1.019577
1.017933
1.021879
1.020234
1.015631
1.019906
1.018919
1.015631
1.020234
1.023852
1.021879
1.017604
1.019906
1.01859
1.01596
1.022536
1.020563
1.011356
1.011356
1.021879
1.023523
1.022536
1.019248
1.02418
1.022536
1.018919
1.017275
1.017604
1.016617
1.016946
1.020563
1.017604
1.022207
1.020234
1.019248
1.020563
1.019577
1.018262
1.017604
1.017933
1.019577
1.020234
1.015631
1.01859
1.021221
1.01859
1.018919
1.022536
1.017275
1.021221
1.019577
1.019577
1.020892
1.018262
1.019577
1.020234
1.016617
1.024509
1.020234
1.02155
1.017604
1.019577
1.021879
1.010699
1.018919
1.016946
1.019577
1.021879
1.017933
1.020563
1.019248
1.020892
1.020234
1.025496
1.022865
1.016617
1.018262
1.018919
1.017275
1.019906
1.012672
1.016946
1.019248
1.021879
1.020892
1.024509
1.027469
1.024509
1.025496
1.012672
1.390488
1.198127
1.399695
1.3313
1.326697
1.383912
1.390488
1.43751
1.43455
1.498013
1.493738
1.526621
1.551611
1.505905
1.480586
1.443429
1.47664
1.492423
1.545035
1.589755
1.618691
1.611128
1.590083
1.576602
1.574958
1.569696
1.578903
1.590412
1.619677
1.642037
1.647956
1.623952
1.599619
1.598304
1.609813
1.614745
1.612114
1.615731
1.621979
1.633817
1.634146
1.634474
1.627569
1.626254
1.633159
1.63579
1.637105
1.63579
1.642366
1.651902
1.644997
1.644997
1.639078
1.650915
1.642037
1.647627
1.645325
1.646641
1.644997
1.641708
1.165245
0.507601
0.477678
0.806171
1.129075
1.135651
1.022536
0.993271
0.999848
1.015302
0.910408
0.919944
1.003136
1.086657
1.090274
1.017933
0.950524
0.924547
0.979132
1.042266
1.052459
1.029442
0.998861
0.989654
0.985379
0.999519
1.007082
1.022865
1.032072
1.022536
1.005766
0.988996
0.994258
1.00478
1.013329
1.016946
1.012014
1.010041
1.00478
1.007739
1.010699
1.011027
1.009383
1.008397
1.009712
1.009712
1.00478
1.006095
1.006424
0.89035
0.116303
0.001544
0.001873
0.001544
0.00253
0.002201
0.001873
0.002201
0.001544
0.001544
0.128798
0.452688
0.544758
0.569748
0.696345
0.800252
0.960389
1.14716
1.219501
1.171164
1.169191
1.174452
