100
100
100
100
100
100
97.803
100
81.358
100
86.786
71.206
84.824
82.516
99.915
100
100
100
100
100
100
100
100
84.562
100
100
100
100
100
93.825
83.647
100
93.049
100
100
96.922
100
93.775
100
92.671
100
94.204
100
86.622
100
100
100
100
100
96.541
100
100
100
100
100
100
100
100
83.475
99.211
97.274
100
96.541
85.02
87.767
94.633
100
100
97.057
100
94.252
100
90.857
99.211
100
96.653
100
96.541
100
90.17
87.385
100
75.559
97.865
87.142
87.767
81.243
82.691
91.402
80.177
73.379
80.9
71.973
77.63
62.39
67.167
77.616
60.554
63.098
57.659
61.317
58.28
64.224
60.3
59.001
52.505
57.702
53.284
50.95
46.435
42.55
37.561
42.26
30.871
33.185
30.985
34.207
28.458
29.931
27.745
28.512
25.632
26.605
25.037
25.431
25.919
27.535
28.215
28.69
31.022
29.993
31.892
31.576
31.038
31.613
33.863
34.021
34.967
35.979
39.566
39.174
42.249
42.985
45.273
45.589
46.199
48.198
48.168
51.022
51.403
53.495
56.385
56.907
57.522
60.281
60.245
61.486
64.872
64.445
65.709
69.326
68.857
70.591
69.731
70.592
70.789
69.748
73.318
75.134
74.228
74.906
73.635
76.007
75.369
76.38
74.597
76.222
75.306
78.361
78.342
79.248
79.251
77.43
78.709
79.15
79.109
79.405
81.86
78.475
80.648
80.17
80.578
79.923
79.691
79.82
79.053
79.471
78.679
79.106
78.064
77.235
79.075
78.461
78.299
79.34
78.883
79.13
78.916
76.248
78.577
76.968
77.423
77.048
77.894
77.515
79.202
78.478
77.19
78.457
77.456
78.2
78.162
77.788
77.55
77.771
76.444
76.145
77.565
77.441
76.612
76.809
76.693
77.316
77.141
77.221
76.943
77.494
77.429
77.548
76.12
77.566
77.761
77.108
77.356
77.876
76.381
76.5
78.045
77.083
76.399
76.425
75.583
76.326
75.763
75.593
75.847
75.765
77.067
74.973
77.506
75.79
74.672
75.875
76.179
76.58
77.213
75.587
75.862
77.084
76.046
77.197
78.318
77.717
79.273
78.557
77.938
78.112
79.381
78.92
80.964
79.706
79.984
79.585
80.131
80.214
80.999
81.049
80.185
80.9
79.871
81.478
81.662
82.193
82.879
82.979
84.373
83.047
84.283
86.075
86.637
87.21
86.155
86.52
85.959
86.622
88.525
86.523
87.377
89.222
87.685
88.203
89.231
89.976
88.474
88.567
88.988
88.574
89.221
89.866
89.075
89.284
89.091
90.458
89.671
89.76
89.721
89.756
88.823
89.727
90.171
88.501
90.987
90.28
89.141
88.788
88.401
89.339
89.177
89.675
88.886
89.514
90.367
89.198
89.044
89.186
90.274
87.962
89.403
89.87
88.834
87.772
88.285
88.239
88.338
88.825
90.659
88.831
88.248
89.244
88.459
87.982
86.895
87.477
87.152
86.691
87.784
87.216
87.183
87.678
86.695
86.291
87.107
86.183
86.302
85.344
86.297
85.755
86.724
86.047
87.107
85.896
85.934
85.575
86.632
84.937
85.749
84.943
86
85.317
85.305
84.34
85.754
84.24
85.553
84.731
84.877
83.291
84.668
84.1
83.976
84.968
84.272
83.365
83.51
84.161
82.32
84.149
84.752
83.759
83.063
83.367
84.4
84.043
83.244
83.706
83.485
83.529
83.045
83.007
82.724
82.811
83.147
81.985
83.055
81.914
82.256
82.415
80.267
81.849
82.363
81.593
83.705
82.671
83.015
82.559
81.92
81.715
82.003
83.762
81.962
82.477
83.335
83.145
83.404
83.255
82.284
82.831
83.947
84.966
84.223
83.76
83.52
84.206
84.38
84.477
84.34
84.296
83.339
84.541
84.095
84.33
84.081
84.864
85.513
85.04
86.207
84.26
84.88
85.978
86.558
85.096
85.233
83.938
84.846
85.089
84.469
85.713
85.654
84.767
85.052
84.917
84.333
84.919
84.801
84.656
85.686
84.235
83.811
83.385
83.433
85.209
83.323
83.45
83.335
84.134
83.397
82.993
83.64
83.616
82.587
83.013
83.083
81.224
82.501
82.031
80.722
81.124
80.891
80.9
81.334
79.935
78.942
79.569
81.128
78.146
79.181
77.33
76.71
77.416
76.576
77.373
76.998
78.236
74.793
75.798
73.245
73.273
73.727
73.205
73.201
73.025
73.198
72.84
71.466
68.97
69.754
68.694
68.614
67.557
66.652
67.832
67.197
66.397
67.343
64.812
64.396
64.253
64.477
62.754
61.857
61.284
60.227
60.038
59.531
59.717
58.959
59.242
58.036
57.454
56.114
55.033
54.838
54.042
52.585
52.873
52.425
50.102
50.423
50.277
49.531
48.335
47.676
48.668
47.459
46.797
45.152
46.149
45.434
45.24
45.098
44.445
43.802
44.348
43.683
43.102
43.024
42.723
42.747
42.441
43.141
42.707
43.212
43.241
43.174
43.771
42.844
43.454
44.176
44.094
44.698
44.527
45.932
45.778
46.046
47.371
47.853
48.372
48.532
50.442
51.38
52.581
53.826
55.278
55.416
56.274
57.859
57.427
59.434
60.111
61.998
63.409
61.912
62.988
63.975
65.337
64.688
67.034
66.442
67.895
69.461
71.463
73.905
74.909
75.255
74.391
73.097
74.876
75.664
75.433
78.556
79.548
78.938
77.848
80.046
81.315
80.221
81.274
82.684
82.058
81.178
84.039
84.481
84.939
84.548
82.519
83.027
84.699
87.107
85.802
87.496
84.806
87.415
87.598
88.494
88.875
88.618
87.594
89.67
90.194
90.55
91.492
89.85
90.207
90.561
90.146
87.767
92.013
91.016
89.655
91.394
93.465
90.056
92.002
92.721
91.867
91.532
92.269
90.997
90.723
90.964
92.576
92.877
92.549
89.135
90.41
92.551
92.177
93.283
93.326
93.063
92.756
94.342
95.764
95.386
95.187
98.227
96.684
93.566
91.727
91.2
92.925
93.192
92.425
93.652
95.36
96.554
98.038
97.89
95.842
94.609
95.37
98.892
98.311
97.497
98.384
96.833
97.748
95.541
95.33
95.636
93.754
94.942
93.814
95.678
95.916
95.205
93.525
95.654
95.431
99.075
97.408
95.582
95.886
94.56
96.721
96.325
97.671
95.237
95.529
97.037
96.267
98.611
97.049
97.454
98.013
97.622
94.887
94.243
94.136
89.089
83.018
89.131
91.023
100
100
100
98.774
99.251
100
97.058
96.824
96.436
96.632
97.302
99.101
96.668
97.055
99.54
96.864
97.245
96.9
97.106
98.148
97.693
96.087
97.03
97.69
97.406
98.815
100
99.246
96.228
96.527
95.642
97.462
98.676
96.595
96.976
95.643
97.121
97.303
99.079
98.979
97.898
98.029
99.397
98.137
98.53
96.828
98.527
98.123
97.56
97.075
99.706
100
97.227
98.623
98.27
97.667
97.231
97.257
97.352
96.75
98.735
96.564
97.055
95.431
98.495
97.242
98.274
99.446
97.191
97.541
97.804
94.673
96.077
96.607
99.49
98.933
96.203
97.795
97.478
98.088
97.312
98.423
94.373
97.446
94.591
98.27
94.435
95.781
95.571
96.601
96.162
94.788
94.411
93.833
95.082
95.86
93.29
93.174
94.611
92.662
92.911
95.973
94.696
96.626
96.532
91.861
94.766
92.111
93.324
94.418
91.059
90.378
91.346
92.776
91.729
92.571
93.672
92.683
91.378
92.019
91.609
89.41
90.327
91.116
91.803
92.903
92.463
92.528
91.48
91.541
91.336
92.5
92.028
92.62
93.057
92.143
90.452
92.83
92.861
94.564
91.785
91.872
92.105
89.052
90.741
91.948
92.37
91.978
93.063
92.865
91.852
92.925
92.821
92.48
91.662
93.453
92.124
93.03
97.13
92.064
95.158
91.473
93.432
94.602
95.755
95.474
95.436
95.651
95.103
94.331
94.715
94
92.194
94.729
91.316
93.51
94.536
94.787
95.368
94.56
93.061
94.705
90.659
94.702
94.25
94.056
93.173
93.864
94.39
91.59
93.449
90.696
91.052
92.989
91.463
90.588
91.833
91.731
91.606
91.811
91.733
93.014
93.749
91.916
92.133
88.721
89.441
91.301
93.647
92.762
90.802
90.9
89.569
89.688
89.768
92.092
93.327
95.954
94.735
92.957
91.521
91.969
89.854
91.4
91.139
95.44
98.865
98.059
96.415
95.664
92.09
92.794
93.731
96.725
98.322
96.731
96.302
93.992
96.507
97.124
100
98.198
98.713
98.43
97.443
98.467
97.533
97.455
95.623
94.731
95.791
98.195
100
100
99.502
98.223
98.616
100
100
98.474
97.603
99.184
97.162
96.995
99.209
97.92
100
100
99.207
100
100
100
99.194
99.215
99.542
100
100
100
98.884
98.921
98.977
100
99.817
100
99.07
100
100
100
99.253
98.557
100
98.551
100
100
100
100
99.853
100
99.27
99.113
98.976
99.194
100
100
100
100
100
100
100
100
100
100
98.883
100
99.474
100
99.345
97.676
98.145
99.871
100
100
97.446
100
99.504
100
100
99.001
100
99.146
100
98.753
99.247
98.714
100
100
98.581
99.103
98.623
99.992
98.429
98.137
99.714
97.526
98.697
98.483
99.829
98.589
99.146
99.052
97.739
99.058
100
100
97.824
100
100
97.545
100
100
100
100
99.751
100
100
99.718
100
100
98.728
100
98.885
97.186
99.886
99.608
99.661
99.195
98.542
99.901
99.25
99.998
97.916
100
100
100
100
100
98.174
100
100
100
100
100
100
99.377
94.567
71.083
100
100
100
100
88.289
97.981
98.992
99.891
98.853
99.048
100
99.218
100
100
99.604
99.282
100
100
99.926
98.535
99.037
98.346
100
98.456
100
99.009
98.457
99.04
100
99.626
99.445
100
100
99.512
100
99.254
99.337
100
99.601
100
97.937
100
99.488
100
100
99.892
100
100
100
100
99.563
100
100
100
99.733
100
99.012
100
99.769
99.815
99.406
99.52
99.56
98.787
100
98.141
100
99.692
100
100
99.924
99.966
100
100
99.272
100
99.735
100
98.15
100
98.893
99.657
100
99.38
98.705
99.578
98.666
100
98.282
99.359
98.049
99.653
99.654
98.356
98.267
100
100
100
98.564
100
100
99.388
100
99.97
99.468
99.47
99.392
99.037
99.939
98.39
99.699
99.076
100
99.681
99.814
98.364
98.931
99.991
99.892
100
100
99.161
99.551
100
99.808
98.888
99.899
99.562
98.886
100
99.863
100
98.923
99.991
99.082
99.769
98.088
100
99.553
100
100
99.637
98.149
99.728
100
100
99.621
100
99.108
99.009
99.762
100
98.961
99.537
100
99.236
99.509
100
100
100
99.176
99.711
100
97.989
99.352
98.29
100
98.388
100
100
99.897
99.493
98.076
99.188
99.026
99.219
97.667
100
98.597
99.729
99.195
100
98.344
98.956
98.375
100
98.842
99.2
100
98.138
98.735
99.758
100
100
98.167
97.488
99.175
98.734
99.246
99.619
98.251
98.384
98.419
99.307
98.885
100
99.873
99.895
98.318
98.858
100
99.39
99.131
99.011
100
100
99.159
100
98.755
99.154
99.691
97.829
97.879
98.376
98.73
99.222
97.382
99.38
98.735
98.941
100
99.397
99.613
99.792
99.465
98.889
98.185
98.652
99.698
100
99.869
98.562
99.355
98.131
98.484
98.963
99.375
100
100
100
100
99.99
98.273
98.128
98.526
97.883
99.359
100
100
100
97.817
98.267
99.221
99.496
100
99.563
98.849
98.211
100
99.826
98.85
99.416
98.812
97.877
98.478
97.711
98.328
100
97.567
99.215
98.877
99.547
99.815
99.315
97.492
98.269
98.86
99.98
99.626
99.455
97.554
98.076
99.198
99.264
98.401
97.796
100
100
99.791
98.283
99.473
99.478
99.53
99.844
97.862
98.988
98.581
98.477
98.527
98.802
99.209
98.497
99.279
97.781
99.113
98.689
100
100
98.915
98.457
97.556
98.412
99.474
99.844
100
100
98.676
99.16
99.462
100
98.744
99.148
100
99.463
98.422
97.378
98.144
100
98.56
98.868
99.035
98.915
98.667
100
100
98.952
98.118
98.147
100
99.507
99.366
99.324
99.644
99.545
99.29
100
98.452
99.129
99.284
100
98.65
99.698
100
99.262
98.013
98.012
100
100
99.2
98.673
99.566
98.289
98.225
97.207
98.917
99.524
100
100
100
99.285
98.571
99.66
99.951
99.808
100
98.421
99.758
100
100
99.92
99.205
100
100
98.154
100
98.172
100
98.862
97.961
99.179
100
98.38
99.855
100
99.452
100
100
100
100
100
100
99.04
100
100
99.68
99.71
100
99.445
100
100
98.566
98.539
99.938
99.544
99.371
98.894
98.031
99.346
98.922
99.004
99.747
99.623
100
99.638
99.225
100
98.673
100
99.812
99.852
98.848
100
99.73
100
99.754
100
100
100
100
100
100
99.266
99.442
98.77
100
98.478
100
100
100
100
99.579
99.943
99.743
100
100
100
100
100
100
99.783
99.145
100
100
100
100
100
98.926
100
99.446
98.334
99.866
98.953
100
98.621
100
100
99.409
100
100
100
100
100
99.726
100
100
100
100
100
100
100
100
100
100
99.71
99.824
100
100
100
100
100
98.753
99.44
99.089
100
99.992
100
100
100
99.148
100
100
99.623
100
100
100
100
99.478
100
100
100
100
98.373
99.28
100
100
100
100
100
100
99.988
100
100
100
99.619
100
100
99.981
99.968
100
100
100
100
100
100
100
100
99.497
100
100
100
100
100
99.347
100
100
100
100
98.984
100
100
100
99.659
100
100
100
100
100
100
100
100
100
100
100
100
100
100
99.954
100
100
100
100
100
100
100
100
100
100
99.859
100
100
100
100
100
100
100
100
100
100
99.462
100
100
100
100
100
100
100
100
99.88
100
100
100
100
100
100
100
100
100
100
100
100
100
100
100
100
100
100
100
100
100
100
100
100
100
100
100
100
100
99.752
100
100
100
100
100
100
100
100
100
100
100
100
100
100
100
100
100
100
100
100
100
100
100
100
100
100
100
99.862
100
100
100
97.616
100
100
100
100
100
100
100
100
100
100
100
100
100
100
100
100
100
100
100
100
100
100
100
100
100
100
100
100
100
100
100
100
100
100
100
100
100
100
100
100
100
100
100
100
100
100
100
100
100
100
100
100
100
100
100
100
100
100
100
100
99.726
100
100
100
100
100
100
100
99.902
100
100
100
100
100
100
100
100
100
100
100
100
100
100
100
100
99.076
100
100
100
100
100
100
100
100
100
100
100
100
100
100
100
100
100
100
100
100
100
100
100
100
100
100
100
100
100
100
100
100
100
100
100
100
100
100
100
100
100
100
100
100
100
100
100
100
100
100
100
100
100
100
100
99.3
100
100
100
100
100
100
100
100
100
100
100
100
100
100
100
100
100
100
100
100
100
100
100
100
100
100
100
100
100
100
100
100
100
100
100
100
100
100
100
100
100
100
99.871
100
100
100
100
100
100
100
100
100
100
100
100
100
100
100
100
100
100
