1.81
1.81
1.69
1.81
1.81
1.81
1.81
1.81
1.81
1.81
1.81
1.81
1.81
1.81
1.81
1.81
1.81
1.81
1.81
1.81
1.93
1.81
1.93
1.93
1.93
1.93
2.05
2.05
2.05
2.05
2.05
2.05
2.05
2.05
2.05
2.05
2.05
2.05
2.05
2.05
2.05
2.05
2.05
2.18
2.18
2.05
2.18
2.18
2.18
2.18
2.18
2.3
2.3
2.18
2.3
2.3
2.3
2.3
2.3
2.3
2.18
2.18
2.3
2.3
2.3
2.3
2.3
2.3
2.3
2.3
2.3
2.3
2.3
2.3
2.3
2.3
2.3
2.42
2.66
3.02
3.27
3.75
4.23
4.96
5.32
6.05
6.66
7.38
7.99
8.84
9.32
10.05
10.41
10.78
10.9
10.9
10.65
10.41
10.17
10.05
9.81
9.81
9.69
9.56
9.44
9.32
9.32
9.2
9.2
9.08
9.2
9.81
10.41
11.62
12.35
13.56
14.29
15.38
16.23
17.44
18.16
18.89
19.25
19.5
19.62
19.25
18.77
18.29
18.16
17.8
17.56
17.44
17.2
17.07
16.95
16.83
16.71
16.59
16.47
16.83
17.44
18.89
20.1
21.92
23.25
25.07
26.28
27.98
28.95
30.16
30.76
31.37
31.49
31.13
30.64
29.79
29.19
28.58
28.34
27.86
27.61
27.25
27.01
26.64
26.52
26.16
25.92
25.8
25.55
25.8
26.64
28.58
30.28
32.82
34.64
37.18
38.76
40.69
41.91
43.24
43.84
44.21
44.21
43.6
42.88
41.66
40.94
40.21
39.73
39
38.51
37.91
37.42
37.06
36.7
36.33
36.09
35.73
35.61
35.49
35.49
37.06
38.51
41.3
43.36
46.51
48.69
51.35
53.05
55.11
56.2
57.41
57.9
57.9
57.65
56.81
56.32
55.84
55.59
55.23
55.11
54.99
54.87
54.75
54.62
54.38
54.38
54.14
54.14
53.9
54.02
55.84
57.77
61.04
63.47
66.98
69.4
72.55
74.37
76.79
78
79.21
79.46
79.34
78.85
78.12
77.76
77.28
76.91
76.55
76.31
76.06
75.94
75.58
75.58
75.34
75.1
74.97
74.85
74.73
74.73
76.43
78.37
81.76
84.06
87.57
90
93.27
95.32
97.87
99.2
100.41
100.9
100.78
100.41
99.56
99.2
98.47
98.23
97.75
97.51
97.26
97.02
96.78
96.66
96.41
96.29
96.17
96.05
96.05
96.17
96.17
96.41
98.6
100.78
104.53
107.2
110.83
113.37
116.76
118.82
121.37
122.58
123.43
123.55
123.06
122.58
121.85
121.37
120.76
120.52
119.91
119.79
119.43
119.31
119.07
118.82
118.7
118.58
118.34
118.22
118.1
117.86
118.1
119.43
122.7
125.24
129.36
131.91
135.66
137.96
140.87
142.08
143.29
143.41
143.17
142.69
142.08
141.72
141.35
141.11
140.75
140.51
140.26
140.14
139.78
139.66
139.54
139.3
139.17
139.17
138.93
138.93
138.81
138.81
140.51
142.32
145.96
148.38
152.01
153.95
156.5
157.71
158.8
158.8
158.31
157.83
157.46
157.1
156.86
156.5
156.25
156.01
155.77
155.65
155.41
155.28
155.16
155.04
154.92
154.8
154.56
154.44
154.32
154.19
154.07
153.95
153.83
153.71
153.59
153.59
153.47
153.35
153.23
153.23
153.23
153.1
152.98
152.86
152.86
152.74
152.74
152.74
152.62
152.5
152.38
152.5
152.26
152.26
152.13
152.13
152.01
152.01
152.01
152.01
151.89
152.01
154.07
156.25
160.13
162.92
167.03
169.7
173.45
175.76
178.78
180.48
182.3
182.78
183.02
182.66
182.05
181.81
181.33
180.96
180.72
180.6
180.24
180.12
179.87
179.63
179.51
179.39
179.15
179.15
178.9
178.78
178.66
178.54
178.42
178.3
178.18
178.06
177.94
178.06
180.24
182.3
186.17
189.2
193.56
196.35
200.34
202.77
205.8
207.37
209.07
209.67
209.67
209.19
208.58
208.22
207.86
207.49
207.13
207.01
206.64
206.52
206.28
206.04
205.8
205.67
205.55
205.31
205.19
205.07
204.83
204.83
204.71
204.58
204.46
204.46
204.34
204.22
204.1
203.98
203.86
203.74
203.62
203.62
203.49
203.37
203.25
203.25
203.13
203.01
202.89
202.89
202.77
202.77
202.65
202.53
202.53
202.4
202.4
202.28
202.16
202.16
202.16
202.16
202.04
201.92
201.92
201.92
201.92
201.68
201.68
201.68
201.68
201.56
201.56
201.44
201.44
201.44
201.31
201.31
201.31
201.19
201.19
201.07
201.07
201.07
201.07
200.95
200.95
200.95
200.83
200.83
200.83
200.71
200.83
200.71
200.83
200.71
200.71
200.83
200.71
200.71
200.71
200.71
200.59
200.59
200.59
200.47
200.47
200.47
200.34
200.34
200.34
200.22
200.22
200.22
200.22
200.22
200.1
200.1
200.1
200.1
199.98
199.98
199.98
199.98
199.98
199.98
199.98
199.86
199.74
199.74
199.86
199.74
199.74
199.62
199.74
199.62
199.62
199.62
199.62
199.62
199.5
199.5
199.5
199.5
199.5
199.38
199.38
199.38
199.38
199.25
199.25
199.25
199.25
199.25
199.13
199.13
199.25
199.13
199.13
199.01
199.01
199.01
199.01
199.01
199.01
199.01
199.01
199.01
199.01
199.01
198.89
198.89
198.89
198.89
198.89
198.89
198.77
198.77
198.77
198.65
198.65
198.65
198.65
198.65
198.53
198.53
198.65
198.65
198.53
198.53
198.53
198.53
198.41
198.41
198.41
198.41
198.41
198.29
198.29
198.29
198.29
198.29
198.16
198.29
198.16
198.04
198.16
198.16
198.16
198.04
198.04
198.04
198.04
198.04
197.92
197.8
197.92
197.8
197.92
197.8
197.8
197.8
197.8
197.68
197.8
197.68
197.8
197.8
197.8
197.8
197.8
197.8
197.8
197.8
197.8
197.8
197.8
197.8
197.8
197.8
197.8
197.68
197.68
197.68
197.68
197.56
197.56
197.56
197.68
197.56
197.56
197.56
197.56
197.56
197.44
197.44
197.44
197.44
197.44
197.44
197.44
197.32
197.32
197.32
197.32
197.32
197.32
197.32
197.32
197.32
197.2
197.2
197.2
197.2
197.2
197.2
197.2
197.07
197.07
197.07
197.07
197.07
197.07
197.07
197.07
197.07
197.07
197.07
197.07
197.07
197.07
197.07
197.07
197.07
196.95
196.83
196.83
196.83
196.71
196.59
196.59
196.47
196.35
196.35
196.23
196.11
196.11
196.11
195.98
195.86
195.86
195.86
195.62
195.62
195.62
195.5
195.38
195.38
195.38
195.26
195.02
195.02
194.89
194.89
194.65
194.65
194.53
194.41
194.29
194.17
194.05
193.93
193.93
193.68
193.68
193.56
193.44
193.44
193.2
193.2
192.96
192.96
192.83
192.71
192.59
192.59
192.35
192.35
192.23
192.23
192.11
191.99
191.87
191.87
191.74
191.74
191.74
191.62
191.5
191.38
191.26
191.26
191.02
191.02
190.9
190.78
190.65
190.53
190.41
190.41
190.17
190.17
190.05
189.93
189.93
189.81
189.69
189.56
189.56
189.32
189.32
189.2
189.08
188.96
188.84
188.84
188.84
188.72
188.6
188.6
188.47
188.47
188.35
188.35
188.11
188.11
187.99
187.99
187.87
187.75
187.63
187.51
187.51
187.38
187.14
187.14
187.02
186.9
186.9
186.78
186.66
186.54
186.54
186.41
186.41
186.29
186.17
186.17
186.17
186.05
185.93
185.81
185.81
185.69
185.57
185.45
185.45
185.2
185.2
185.08
184.96
184.84
184.72
184.6
184.48
184.48
184.36
184.23
184.11
183.99
183.99
183.87
183.75
183.75
183.63
183.51
183.51
183.27
183.27
183.14
183.02
183.02
182.78
182.78
182.66
182.54
182.54
182.54
182.42
182.3
182.3
182.18
182.05
182.05
181.93
181.81
181.81
181.69
181.57
181.57
181.45
181.33
181.33
181.21
181.09
181.09
180.96
180.96
180.96
180.96
180.84
180.84
180.72
180.6
180.6
180.48
180.36
180.36
180.12
180.12
180
179.87
179.87
179.75
179.63
179.51
179.39
179.39
179.27
179.15
179.15
179.15
179.03
178.9
178.9
178.78
178.66
178.66
178.54
178.42
178.3
178.18
178.18
178.06
177.94
177.94
177.81
177.69
177.57
177.57
177.45
177.33
177.33
177.21
177.09
177.09
176.85
176.85
176.85
176.72
176.6
176.48
176.48
176.36
176.24
176.24
176.12
176.12
176
176
175.88
175.88
175.88
175.76
175.63
175.63
175.51
175.39
175.39
175.27
175.03
175.03
174.91
174.79
174.79
174.79
174.67
174.54
174.42
174.3
174.18
174.18
174.06
174.06
173.94
173.82
173.82
173.7
173.7
173.58
173.45
173.45
173.33
173.21
173.09
172.97
172.85
172.85
172.73
172.73
172.61
172.61
172.48
172.36
172.36
172.12
172.12
172.12
172
171.88
171.88
171.76
171.64
171.64
171.52
171.39
171.39
171.27
171.15
171.15
171.03
171.03
170.91
170.91
170.79
170.91
170.79
170.67
170.67
170.67
170.55
170.43
170.3
170.18
170.06
170.06
169.94
169.94
169.7
169.7
169.58
169.46
169.46
169.34
169.21
169.09
169.09
168.97
168.97
168.85
168.73
168.73
168.61
168.49
168.49
168.37
168.25
168.12
168
168
167.76
167.88
167.76
167.64
167.64
167.52
167.4
167.4
167.28
167.28
167.16
167.16
167.03
166.91
166.91
166.79
166.67
166.67
166.55
166.43
166.43
166.31
166.31
166.19
166.19
166.06
166.06
166.06
166.06
165.94
165.94
165.82
165.7
165.7
165.58
165.58
165.34
165.34
165.22
165.1
165.1
165.1
164.85
164.85
164.73
164.61
164.61
164.49
164.49
164.37
164.25
164.25
164.13
164.13
164.01
163.88
163.88
163.76
163.64
163.64
163.52
163.4
163.28
163.16
163.16
163.04
163.04
163.04
162.79
162.79
162.67
162.67
162.55
162.43
162.43
162.31
162.19
162.19
162.19
162.19
161.95
161.95
161.83
161.7
161.7
161.7
161.7
161.58
161.58
161.46
161.46
161.46
161.22
161.22
161.1
161.1
160.98
160.86
160.74
160.74
160.61
160.61
160.49
160.49
160.25
160.25
160.13
160.13
160.01
160.01
159.89
159.89
159.77
159.65
159.52
159.52
159.52
159.4
159.28
159.28
159.16
159.04
159.04
158.92
158.8
158.8
158.68
158.55
158.55
158.55
158.43
158.31
158.19
158.19
158.07
158.07
157.95
157.83
157.83
157.83
157.59
157.59
157.46
157.46
157.34
157.34
157.22
157.1
157.1
157.1
157.1
156.98
156.98
156.98
156.98
156.86
156.86
156.74
156.62
156.5
156.62
156.37
156.37
156.13
156.13
156.01
156.01
155.89
155.77
155.65
155.65
155.53
155.53
155.41
155.41
155.41
155.16
155.16
155.04
154.92
154.8
154.8
154.8
154.68
154.68
154.56
154.44
154.44
154.32
154.32
154.19
154.19
153.95
153.95
153.83
153.83
153.71
153.71
153.59
153.59
153.47
153.47
153.35
153.23
153.1
153.1
153.1
152.98
152.98
152.86
152.74
152.74
152.62
152.62
152.5
152.5
152.5
152.38
152.38
152.38
152.38
152.26
152.26
152.26
152.01
152.01
152.01
151.89
151.77
151.65
151.65
151.53
151.41
151.41
151.29
151.17
151.04
151.04
150.92
150.8
150.8
150.68
150.68
150.56
150.56
150.44
150.32
150.32
150.32
150.2
150.08
150.08
149.95
149.95
149.83
149.71
149.71
149.59
149.59
149.47
149.35
149.35
149.23
149.23
149.11
149.11
148.99
148.99
148.86
148.74
148.74
148.62
148.62
148.5
148.5
148.38
148.38
148.26
148.26
148.14
148.14
148.02
148.02
148.02
147.9
147.9
147.9
147.9
147.9
147.77
147.77
147.77
147.65
147.53
147.41
147.41
147.29
147.17
147.05
146.93
146.93
146.93
146.68
146.68
146.56
146.44
146.44
146.44
146.32
146.2
146.2
146.2
146.08
145.96
145.96
145.96
145.84
145.84
145.72
145.59
145.47
145.47
145.35
145.35
145.23
145.23
145.11
144.99
144.87
144.87
144.75
144.75
144.75
144.62
144.62
144.5
144.38
144.38
144.26
144.26
144.14
144.02
144.02
143.9
143.9
143.78
143.78
143.66
143.53
143.53
143.41
143.41
143.29
143.29
143.29
143.17
143.17
143.17
143.17
143.05
143.05
143.05
143.05
142.93
142.81
142.81
142.69
142.57
142.44
142.44
142.32
142.32
142.2
142.08
142.08
141.96
141.84
141.72
141.72
141.6
141.6
141.48
141.48
141.35
141.35
141.35
141.23
141.11
141.11
140.99
140.87
140.87
140.87
140.87
140.63
140.63
140.63
140.51
140.39
140.39
140.26
140.26
140.14
140.14
140.02
140.02
139.9
139.9
139.78
139.78
139.66
139.66
139.66
139.54
139.42
139.3
139.3
139.17
139.17
139.17
139.05
138.93
138.93
138.93
139.05
138.93
139.05
138.93
138.93
138.93
138.81
138.81
138.69
138.69
138.57
138.45
138.33
138.2
138.2
138.2
138.08
137.96
137.96
137.84
137.72
137.72
137.72
137.6
137.48
137.48
137.48
137.36
137.36
137.36
137.24
137.24
137.11
137.11
136.99
136.99
136.75
136.75
136.75
136.63
136.51
136.51
136.51
136.39
136.27
136.27
136.27
136.15
136.02
136.02
135.9
135.78
135.78
135.78
135.66
135.54
135.54
135.54
135.42
135.42
135.3
135.3
135.18
135.18
135.06
135.3
135.06
135.06
135.18
135.06
135.06
135.06
135.06
134.93
134.81
134.81
134.69
134.57
134.57
134.45
134.33
134.21
134.21
134.09
134.09
133.97
133.84
133.72
133.72
133.72
133.6
133.6
133.6
133.48
133.36
133.36
133.36
133.36
133.24
133.12
133.12
133.12
132.88
132.88
132.88
132.88
132.63
132.63
132.51
132.51
132.39
132.39
132.27
132.15
132.15
132.15
132.15
132.03
131.91
131.91
131.79
131.79
131.66
131.66
131.66
131.54
131.42
131.42
131.3
131.3
131.18
131.18
131.18
130.94
131.06
131.06
131.18
131.18
131.18
131.06
131.06
131.06
130.94
130.94
130.82
130.69
130.57
130.45
130.45
130.45
130.33
130.33
130.21
130.33
130.21
130.09
129.97
129.97
129.97
129.85
129.85
129.73
129.73
129.73
129.6
129.48
129.48
129.48
129.36
129.24
129.24
129.24
129.12
129
129
128.88
128.76
128.76
128.64
128.64
128.64
128.51
128.51
128.39
128.39
128.39
128.27
128.27
128.15
128.15
128.03
128.03
127.91
127.79
127.79
127.79
127.79
127.67
127.67
127.67
127.79
127.79
127.79
127.79
127.79
127.67
127.67
127.55
127.55
127.55
127.3
127.18
127.06
127.06
127.06
126.82
126.82
126.82
126.58
126.58
126.58
126.58
126.46
126.46
126.33
126.33
126.33
126.33
126.21
126.09
126.09
125.97
125.97
125.85
125.85
125.73
125.73
125.61
125.61
125.49
125.37
125.37
125.37
125.24
125.12
125.12
125.12
125
124.88
125
124.88
124.88
124.76
124.76
124.64
124.64
124.52
124.52
124.4
124.4
124.4
124.4
124.15
124.15
124.15
124.03
123.91
123.91
123.91
123.79
123.79
123.79
123.91
123.91
123.91
123.91
123.91
123.91
123.91
123.79
123.67
123.79
123.55
123.43
123.31
123.18
123.06
122.94
122.82
122.82
122.82
122.7
122.7
122.58
122.46
122.46
122.46
122.34
122.34
122.22
122.22
122.22
122.09
122.09
121.97
121.97
121.85
121.73
121.73
121.61
121.61
121.49
121.49
121.37
121.37
121.25
121.25
121.25
121.13
121.13
121
120.88
120.88
120.76
120.76
120.76
120.64
120.64
120.52
120.52
120.4
120.4
120.28
120.28
120.16
120.16
120.16
120.04
120.04
120.04
119.91
119.91
119.91
119.79
119.79
119.91
120.04
120.04
120.04
120.04
120.04
120.04
119.91
119.91
119.79
119.79
119.67
119.55
119.31
119.31
119.19
119.07
118.95
118.82
118.82
118.7
118.7
118.58
118.58
118.58
118.46
118.46
118.34
118.34
118.34
118.22
118.1
118.1
117.98
117.98
117.98
117.86
117.73
117.73
117.61
117.61
117.49
117.37
117.37
117.37
117.25
117.13
117.13
117.13
117.13
117.01
116.89
116.89
116.89
116.76
116.64
116.64
116.64
116.64
116.52
116.4
116.4
116.4
116.16
116.28
116.28
116.16
116.16
116.16
116.16
116.28
116.4
116.4
116.4
116.4
116.4
116.4
116.28
116.16
116.16
116.16
115.92
115.92
115.67
115.67
115.55
115.55
115.43
115.31
115.19
115.19
115.07
115.07
115.07
114.95
114.83
114.95
114.83
114.83
114.71
114.58
114.58
114.58
114.46
114.46
114.22
114.22
114.22
114.1
114.1
113.98
113.98
113.86
113.74
113.74
113.74
113.74
113.62
113.62
113.49
113.49
113.49
113.37
113.25
113.25
113.25
113.13
113.01
113.13
113.01
113.01
113.01
113.13
113.25
113.25
113.37
113.37
113.37
113.37
113.37
113.37
113.25
113.13
113.01
113.01
112.89
112.77
112.77
112.53
112.4
112.28
112.16
112.04
112.04
111.92
111.92
111.92
111.8
111.8
111.8
111.68
111.68
111.56
111.56
111.56
111.44
111.31
111.31
111.31
111.19
111.07
111.07
111.07
110.95
110.95
110.83
110.83
110.83
110.71
110.71
110.59
110.59
110.47
110.47
110.34
110.34
110.34
110.34
110.22
110.22
110.1
110.1
110.22
110.22
110.34
110.47
110.47
110.59
110.59
110.59
110.59
110.59
110.59
110.47
110.34
110.34
110.22
109.98
109.98
109.86
109.74
109.62
109.5
109.38
109.38
109.13
109.13
109.13
109.13
109.01
108.89
108.89
108.89
108.77
108.77
108.65
108.65
108.41
108.53
108.41
108.41
108.29
108.16
108.16
108.16
108.04
108.04
107.92
107.92
107.8
107.68
107.8
107.68
107.68
107.56
107.56
107.44
107.44
107.44
107.32
107.32
107.2
107.2
107.32
107.32
107.44
107.56
107.68
107.68
107.8
107.8
107.92
107.8
107.92
107.68
107.68
107.68
107.56
107.44
107.32
107.2
107.2
107.2
106.95
106.95
106.71
106.71
106.59
106.47
106.35
106.47
106.35
106.23
106.23
106.11
106.11
105.98
105.98
105.98
105.74
105.74
105.62
105.62
105.5
105.5
105.5
105.38
105.26
105.26
105.26
105.26
105.14
105.14
105.02
105.02
105.02
104.89
104.77
104.77
104.77
104.77
104.65
104.65
104.53
104.53
104.53
104.53
104.65
104.77
104.77
104.89
105.02
105.14
105.26
105.26
105.26
105.26
105.26
105.14
105.02
105.02
105.02
104.89
104.77
104.77
104.77
104.65
104.53
104.41
104.29
104.17
104.05
104.05
103.93
103.93
103.8
103.8
103.68
103.56
103.56
103.44
103.32
103.32
103.2
103.08
103.08
103.08
102.83
102.83
102.83
102.71
102.71
102.71
102.59
102.47
102.47
102.35
102.35
102.35
102.23
102.23
102.11
102.11
102.11
101.99
101.99
101.87
101.87
101.87
101.74
101.74
101.62
101.62
101.62
101.62
101.62
101.62
101.62
101.74
101.87
101.99
102.11
102.23
102.35
102.35
102.35
102.35
102.23
102.35
102.23
102.11
102.11
102.11
102.11
101.99
101.87
101.87
101.74
101.62
101.38
101.38
101.26
101.14
101.02
100.9
100.9
100.9
100.65
100.78
100.65
100.53
100.53
100.41
100.29
100.17
100.17
100.05
99.93
99.93
99.81
99.93
99.81
99.69
99.69
99.56
99.56
99.44
99.44
99.44
99.44
99.32
99.2
99.2
99.2
99.08
98.96
98.96
98.84
98.96
98.84
98.84
98.72
98.72
98.6
98.72
98.6
98.47
98.47
98.47
98.47
98.47
98.72
98.72
98.96
98.96
99.2
99.2
99.2
99.2
99.32
99.2
99.2
99.2
99.2
99.08
98.96
98.96
98.84
98.72
98.6
98.6
98.35
98.35
98.23
98.23
97.99
97.87
97.87
97.75
97.63
97.63
97.51
97.51
97.38
97.38
97.26
97.26
97.14
97.02
97.02
97.02
96.78
96.78
96.78
96.78
96.78
96.66
96.54
96.54
96.54
96.54
96.29
96.41
96.29
96.29
96.29
96.29
96.17
96.17
96.05
96.05
96.05
96.05
96.05
96.05
96.05
96.17
96.17
96.29
96.54
96.54
96.66
96.78
96.78
96.78
96.78
96.78
96.78
96.66
96.54
96.54
96.54
96.29
96.29
96.29
96.05
96.05
95.93
95.81
95.69
95.57
95.45
95.45
95.32
95.32
95.2
95.08
95.08
94.96
94.84
94.84
94.72
94.72
94.6
94.6
94.36
94.36
94.36
94.23
94.11
94.11
94.11
94.11
93.99
93.87
93.87
93.87
93.75
93.87
93.75
93.63
93.63
93.63
93.51
93.51
93.39
93.39
93.39
93.39
93.27
93.27
93.27
93.27
93.51
93.51
93.75
93.87
94.11
94.11
94.11
94.23
94.11
94.23
94.23
94.11
94.23
94.11
93.99
93.99
93.87
93.87
93.75
93.63
93.63
93.51
93.39
93.27
93.14
93.14
93.14
93.02
92.9
92.78
92.78
92.66
92.54
92.54
92.42
92.42
92.3
92.18
92.05
92.05
91.93
91.93
91.69
91.69
91.69
91.69
91.45
91.57
91.45
91.33
91.33
91.33
91.21
91.21
91.21
91.09
91.09
90.96
90.96
90.96
90.84
90.72
90.72
90.72
90.72
90.72
90.6
90.6
90.72
90.72
90.96
91.09
91.21
91.45
91.57
91.57
91.57
91.57
91.69
91.69
91.69
91.69
91.57
91.45
91.45
91.33
91.33
91.21
91.21
90.96
90.96
90.84
90.72
90.6
90.48
90.48
90.36
90.36
90.24
90.24
90.12
90
90
89.87
89.75
89.75
89.63
89.51
89.51
89.39
89.27
89.27
89.15
89.15
89.03
88.9
88.78
88.78
88.78
88.78
88.66
88.66
88.54
88.54
88.42
88.42
88.3
88.3
88.3
88.3
88.3
88.3
88.3
88.18
88.18
88.3
88.3
88.3
88.54
88.66
88.9
89.03
89.15
89.27
89.27
89.27
89.27
89.27
89.27
89.15
89.27
89.27
89.03
89.03
88.9
88.9
88.66
88.66
88.54
88.54
88.42
88.3
88.3
88.18
88.06
88.06
88.06
87.94
87.81
87.81
87.69
87.69
87.57
87.57
87.45
87.45
87.33
87.33
87.21
87.09
87.09
86.97
86.97
86.85
86.85
86.72
86.6
86.6
86.6
86.48
86.36
86.36
86.24
86.36
86.24
86.24
86.12
86.12
86.12
86.24
86.36
86.6
86.72
86.85
87.09
87.09
87.09
87.21
87.21
87.21
87.21
87.21
87.21
87.21
87.09
87.09
86.97
86.97
86.85
86.85
86.6
86.6
86.6
86.48
86.48
86.36
86.24
86.12
86.12
86
86
85.88
85.88
85.88
85.76
85.63
85.63
85.51
85.51
85.39
85.39
85.39
85.15
85.15
85.03
85.03
84.91
84.91
84.79
84.79
84.67
84.67
84.54
84.42
84.42
84.3
84.3
84.3
84.18
84.18
84.06
84.06
83.94
83.94
83.94
83.94
83.94
84.06
84.18
84.42
84.67
84.79
84.91
85.03
85.03
85.03
85.15
85.15
85.03
85.15
85.03
85.15
85.03
85.03
84.91
84.91
84.79
84.79
84.67
84.54
84.42
84.42
84.42
84.42
84.42
84.42
84.42
84.3
84.42
84.42
84.54
84.67
84.67
84.79
84.67
84.67
84.67
84.67
84.67
84.67
84.54
84.54
84.42
84.42
84.42
84.42
84.54
84.42
84.42
84.42
84.42
84.3
84.3
84.3
84.3
84.3
84.3
84.3
84.42
84.42
84.42
84.42
84.42
84.42
84.42
84.67
84.79
85.03
85.27
85.39
85.76
85.88
86.12
86.12
86.24
86.36
86.36
86.24
86.36
86.36
86.36
86.36
86.36
86.36
86.24
86.24
86.12
86.12
86.12
86
85.88
85.88
85.88
85.88
85.88
85.76
85.76
85.76
85.76
85.63
85.63
85.63
85.51
85.51
85.39
85.39
85.27
85.15
85.15
85.03
84.91
84.91
84.79
84.67
84.54
84.42
84.42
84.3
84.18
84.18
83.94
83.94
83.82
83.7
83.7
83.58
83.45
83.45
83.33
83.21
83.21
83.09
82.97
83.09
83.21
83.33
83.7
83.7
83.94
84.06
84.18
84.18
84.3
84.3
84.42
84.42
84.3
84.18
84.06
83.94
83.82
83.7
83.58
83.45
83.33
83.21
83.09
82.97
82.97
82.85
82.73
82.73
82.61
82.48
82.48
82.48
82.36
82.24
82.24
82.24
82.12
82
82
82
81.88
81.76
81.64
81.52
81.52
81.52
81.27
81.27
81.15
81.15
81.03
81.03
81.03
81.03
80.91
80.91
80.79
80.79
80.55
80.55
80.55
80.55
80.67
80.55
80.79
80.79
81.03
81.03
81.15
81.15
81.15
81.27
81.15
81.15
81.03
81.03
81.03
81.03
80.91
80.79
80.79
80.79
80.55
80.55
80.3
80.3
80.3
80.3
80.18
80.06
80.06
80.06
79.94
79.82
79.82
79.82
79.7
79.7
79.7
79.7
79.58
79.58
79.58
79.58
79.46
79.34
79.34
79.34
79.21
79.09
78.97
78.97
78.85
78.73
78.61
78.61
78.49
78.37
78.37
78.37
78.25
78.25
78.12
78.12
78.12
78.12
78.12
78.25
78.37
78.61
78.73
78.73
78.85
78.85
78.97
78.85
78.85
78.85
78.85
78.85
78.85
78.85
78.85
78.85
78.61
78.61
78.49
78.37
78.25
78.37
78.25
78.12
78
78.12
77.88
78
77.88
77.88
77.76
77.76
77.64
77.64
77.64
77.64
77.52
77.52
77.4
77.4
77.28
77.16
77.16
77.03
77.16
76.91
76.91
76.91
76.67
76.67
76.67
76.55
76.43
76.43
76.43
76.31
76.19
76.19
76.06
76.06
76.06
76.06
76.06
76.19
76.31
76.43
76.55
76.55
76.67
76.67
76.67
76.67
76.67
76.67
76.67
76.67
76.55
76.43
76.43
76.43
76.31
76.31
76.19
76.06
75.94
76.06
75.94
75.82
75.82
75.7
75.7
75.7
75.58
75.58
75.58
75.46
75.46
75.46
75.46
75.46
75.34
75.22
75.22
75.22
75.22
75.1
74.97
74.97
74.85
74.85
74.73
74.73
74.73
74.61
74.61
74.49
74.49
74.49
74.49
74.37
74.37
74.25
74.25
74.37
74.37
74.49
74.73
74.73
74.85
74.97
74.97
74.97
74.97
74.97
74.97
74.97
74.97
74.97
74.97
74.73
74.73
74.73
74.49
74.49
74.49
74.37
74.25
74.25
74.13
74.13
74.01
74.01
74.01
74.01
73.76
73.88
73.76
73.76
73.76
73.76
73.64
73.64
73.52
73.52
73.4
73.28
73.28
73.28
73.16
73.04
73.16
73.04
73.04
73.04
72.92
72.79
72.79
72.79
72.79
72.67
72.55
72.55
72.55
72.55
72.43
72.43
72.43
72.55
72.79
72.92
73.04
73.04
73.04
73.04
73.04
73.04
73.04
73.04
73.04
73.04
72.92
72.92
72.79
72.79
72.79
72.67
72.67
72.55
72.55
72.55
72.31
72.31
72.31
72.31
72.19
72.19
72.19
72.19
72.07
72.19
72.07
72.07
72.07
72.07
72.07
72.07
72.07
72.07
72.07
71.95
71.95
71.83
71.83
71.7
71.7
71.7
71.58
71.58
71.58
71.58
71.46
71.46
71.34
71.34
71.34
71.34
71.22
71.22
71.1
71.1
71.22
71.46
71.58
71.58
71.7
71.7
71.7
71.7
71.58
71.7
71.7
71.58
71.58
71.46
71.46
71.34
71.34
71.34
71.1
71.22
71.1
71.1
70.86
70.86
70.86
70.74
70.74
70.61
70.61
70.61
70.49
70.37
70.37
70.37
70.37
70.37
70.37
70.25
70.13
70.13
70.13
70.01
69.89
69.89
69.77
69.77
69.65
69.65
69.52
69.52
69.4
69.4
69.4
69.4
69.28
69.16
69.16
69.16
69.04
69.04
69.04
69.04
69.16
69.28
69.4
69.52
69.65
69.65
69.65
69.65
69.65
69.65
69.65
69.65
69.65
69.65
69.65
69.52
69.4
69.4
69.28
69.28
69.16
69.16
69.04
69.04
68.92
68.92
68.92
68.8
68.8
68.8
68.8
68.8
68.8
68.68
68.55
68.68
68.55
68.43
68.43
68.43
68.31
68.19
68.31
68.19
68.19
68.19
68.07
67.95
67.95
67.83
67.83
67.83
67.71
67.71
67.59
67.59
67.46
67.46
67.46
67.46
67.46
67.59
67.71
67.71
67.83
67.95
67.83
67.95
67.95
67.95
67.95
67.83
67.95
67.95
67.83
67.71
67.71
67.71
67.59
67.71
67.46
67.46
67.46
67.34
67.22
67.22
67.22
67.22
67.22
67.1
67.1
66.98
66.98
66.98
66.98
66.98
66.98
66.74
66.74
66.74
66.74
66.62
66.5
66.5
66.5
66.5
66.37
66.25
66.25
66.25
66.13
66.13
66.01
66.01
66.01
65.89
65.89
65.77
65.77
65.77
65.65
65.53
65.53
65.53
65.53
65.53
65.53
65.65
65.77
65.89
66.01
66.01
66.01
66.01
66.01
66.01
66.01
66.01
66.01
66.01
66.01
65.89
65.89
65.77
65.77
65.77
65.65
65.65
65.53
65.53
65.53
65.41
65.41
65.28
65.28
65.28
65.28
65.28
65.28
65.28
65.28
65.16
65.04
65.16
65.04
65.04
64.92
64.92
64.92
64.8
64.8
64.8
64.68
64.56
64.56
64.56
64.56
64.44
64.32
64.32
64.32
64.32
64.32
64.19
64.19
64.07
64.07
64.07
64.07
64.07
64.32
64.32
64.44
64.32
64.32
64.44
64.44
64.44
64.44
64.44
64.32
64.32
64.32
64.32
64.32
64.19
64.19
64.19
64.07
64.07
64.07
63.95
63.83
63.83
63.83
63.83
63.83
63.83
63.71
63.71
63.59
63.59
63.59
63.47
63.59
63.35
63.35
63.35
63.35
63.35
63.23
63.23
63.23
63.23
63.1
63.1
62.98
63.1
62.98
62.86
62.86
62.74
62.74
62.86
62.74
62.74
62.62
62.62
62.62
62.62
62.5
62.38
62.38
62.5
62.5
62.62
62.74
62.74
62.86
62.86
62.98
62.98
62.98
63.1
62.98
62.98
62.86
62.86
62.86
62.86
62.74
62.74
62.62
62.62
62.5
62.5
62.5
62.38
62.38
62.38
62.26
62.26
62.26
62.13
62.13
62.13
62.13
62.01
62.01
62.01
62.01
61.89
61.89
61.89
61.77
61.77
61.65
61.65
61.65
61.65
61.65
61.53
61.53
61.53
61.41
61.41
61.41
61.29
61.29
61.17
61.17
61.17
61.04
61.04
61.04
60.92
60.92
60.92
60.92
60.92
60.92
61.04
61.17
61.29
61.41
61.41
61.41
61.41
61.41
61.41
61.41
61.41
61.41
61.29
61.29
61.29
61.29
61.17
61.17
61.17
61.04
61.04
60.92
60.92
60.92
60.8
60.8
60.8
60.68
60.68
60.68
60.68
60.68
60.68
60.68
60.68
60.56
60.68
60.56
60.56
60.56
60.44
60.44
60.44
60.44
60.44
60.32
60.44
60.44
60.32
60.32
60.32
60.2
60.2
60.2
60.2
60.08
60.08
60.08
59.95
59.95
59.95
59.95
59.95
59.95
60.2
60.2
60.32
60.44
60.44
60.56
60.68
60.56
60.56
60.56
60.56
60.44
60.44
60.44
60.44
60.44
60.44
60.32
60.32
60.2
60.2
60.08
60.2
60.2
60.08
60.08
59.95
59.95
59.95
59.95
59.95
59.95
59.83
59.83
59.83
59.83
59.71
59.71
59.71
59.71
59.71
59.59
59.59
59.59
59.47
59.47
59.47
59.35
59.23
59.23
59.23
59.23
59.11
59.11
59.11
58.99
59.11
58.99
58.99
58.86
58.86
58.74
58.74
58.74
58.74
58.86
58.99
59.11
59.11
59.23
59.23
59.23
59.23
59.23
59.23
59.23
59.23
59.11
59.11
58.99
58.99
58.99
58.99
58.86
58.74
58.74
58.74
58.62
58.62
58.74
58.62
58.5
58.5
58.5
58.5
58.5
58.38
58.38
58.5
58.38
58.26
58.26
58.26
58.26
58.26
58.14
58.14
58.02
58.02
58.02
58.02
58.02
58.02
58.02
57.9
57.9
57.9
57.77
57.77
57.9
57.9
57.9
57.9
57.77
57.9
57.9
57.77
57.9
57.77
57.9
58.02
58.14
58.26
58.38
58.5
58.5
58.5
58.74
58.62
58.74
58.74
58.74
58.74
58.74
58.74
58.74
58.74
58.74
58.74
58.62
58.62
58.62
58.62
58.5
58.62
58.5
58.5
58.62
58.62
58.5
58.62
58.5
58.62
58.62
58.62
58.5
58.62
58.62
58.62
58.62
58.62
58.74
59.23
60.92
62.26
64.8
66.74
69.52
71.22
73.64
75.1
76.67
77.52
78.12
78.25
78
77.64
77.28
77.16
76.91
76.67
76.55
76.55
76.19
76.19
76.19
76.31
76.43
76.55
76.91
78
80.43
82.48
85.76
87.94
91.09
93.02
95.81
97.38
99.44
100.29
101.14
101.14
100.65
100.29
99.81
99.44
99.08
98.72
98.47
98.23
98.23
97.99
97.75
97.51
97.38
97.26
97.14
97.02
96.9
96.9
97.26
98.6
101.14
103.32
106.59
108.77
111.8
113.74
116.16
117.49
118.95
119.31
119.43
119.07
118.58
118.46
118.1
117.86
117.61
117.49
117.25
117.13
117.01
116.89
116.76
116.76
116.64
116.64
116.64
116.64
116.64
116.76
116.89
117.37
119.55
121.49
124.52
126.58
129.6
131.42
133.84
135.18
136.99
137.72
138.33
138.45
137.96
137.72
137.36
137.24
136.87
136.75
136.51
136.39
136.27
136.02
136.02
135.9
135.66
135.66
135.42
135.42
135.18
135.18
135.06
134.93
134.93
135.54
137.84
139.66
142.81
144.75
147.53
149.23
151.29
152.26
153.1
153.35
152.98
152.74
152.38
152.26
151.89
151.77
151.53
151.41
151.29
151.17
151.04
151.04
150.8
150.8
150.68
150.68
150.56
150.56
150.56
150.44
150.44
150.32
151.29
152.62
155.16
156.98
159.65
161.34
163.4
164.49
165.46
165.7
165.7
165.46
165.1
164.85
164.73
164.49
164.25
164.13
164.01
163.88
163.76
163.64
163.4
163.4
163.28
163.16
163.16
163.04
162.92
162.92
162.67
162.67
162.92
163.88
166.19
167.88
170.43
172
174.06
175.03
176
176.36
176.12
176
175.51
175.39
175.15
175.03
174.91
174.79
174.54
174.54
174.3
174.3
174.06
174.06
173.94
173.82
173.82
173.7
173.7
173.7
173.58
173.58
173.58
173.7
175.15
176.24
178.42
179.87
181.81
182.9
183.99
184.36
184.6
184.48
184.11
183.99
183.75
183.63
183.39
183.27
183.27
183.02
183.02
182.9
182.78
182.78
182.54
182.42
182.42
182.3
182.18
182.05
182.05
181.93
181.81
181.81
181.81
181.69
181.69
181.57
181.81
182.54
184.48
185.69
187.87
189.2
191.02
192.11
193.32
193.68
193.93
193.68
193.44
193.2
192.96
192.83
192.59
192.47
192.35
192.35
192.23
192.11
191.99
191.99
191.87
191.87
191.87
191.74
191.74
191.62
191.5
191.5
191.5
191.26
191.26
191.26
191.14
191.14
191.02
191.02
191.02
190.9
190.78
190.9
190.78
190.78
190.78
190.78
190.65
190.65
190.53
190.53
190.53
190.41
190.53
190.65
192.23
193.56
195.74
197.07
199.01
200.34
201.68
202.28
202.89
202.89
202.77
202.65
202.4
202.28
202.04
201.92
201.8
201.68
201.44
201.44
201.31
201.19
201.19
201.07
200.95
200.95
200.71
200.71
200.71
200.59
200.59
200.59
200.47
200.47
200.47
200.47
200.47
200.47
200.34
200.22
200.22
200.22
200.1
199.98
199.98
199.98
199.98
199.86
199.86
199.86
199.74
199.74
199.62
199.74
199.62
199.5
199.5
199.62
199.5
199.5
199.5
199.38
199.38
199.38
199.38
199.25
199.25
199.13
199.13
199.13
199.13
199.01
199.01
199.01
199.01
198.89
198.89
198.89
198.89
198.89
198.77
198.77
198.77
198.77
198.77
198.77
198.77
198.65
198.65
198.77
198.65
198.65
198.53
198.53
198.53
198.53
198.53
198.53
198.53
198.53
198.53
198.41
198.53
198.53
198.53
198.53
198.53
198.53
198.53
198.41
198.53
198.29
198.41
198.29
198.29
198.29
198.29
198.16
198.16
198.16
198.04
198.29
198.04
198.04
198.04
198.04
198.04
198.04
198.04
198.04
198.04
198.04
197.92
197.92
197.92
197.92
197.8
197.8
197.92
197.8
197.8
197.8
197.68
197.68
197.68
197.68
197.8
197.68
197.68
197.56
197.68
197.56
197.56
197.68
197.68
197.68
197.68
197.68
197.56
197.56
197.56
197.56
197.56
197.44
197.56
197.56
197.44
197.44
197.44
197.56
197.56
197.56
197.56
197.56
197.56
197.56
197.56
197.56
197.56
197.44
197.44
197.44
197.32
197.2
197.07
197.07
196.83
196.83
196.59
196.47
196.35
196.35
196.11
196.11
195.98
195.86
195.74
195.62
195.62
195.5
195.38
195.26
195.14
195.02
194.89
194.77
194.77
194.65
194.53
194.41
194.29
194.17
194.17
194.05
193.93
193.93
193.68
193.68
193.68
193.56
193.44
193.44
193.32
193.2
193.08
193.08
192.96
192.83
192.71
192.71
192.59
192.59
192.47
192.35
192.35
192.23
192.23
192.11
192.11
191.99
191.99
191.87
191.74
191.62
191.5
191.38
191.38
191.26
191.14
191.14
191.02
191.02
190.78
190.78
190.65
190.53
190.53
190.41
190.29
190.29
190.17
190.05
190.05
189.93
189.81
189.81
189.56
189.56
189.44
189.32
189.2
189.2
189.08
189.08
188.96
188.84
188.72
188.6
188.6
188.47
188.35
188.35
188.23
188.11
188.11
187.99
187.87
187.87
187.75
187.75
187.51
187.51
187.38
187.38
187.26
187.14
187.14
187.02
187.02
186.9
186.9
186.9
186.9
186.78
186.66
186.66
186.41
186.41
186.29
186.17
186.17
186.17
185.93
185.93
185.81
185.69
185.69
185.57
185.45
185.45
185.2
185.2
185.08
185.08
184.96
184.96
184.84
184.84
184.72
184.6
184.6
184.48
184.48
184.36
184.23
184.11
183.99
183.99
183.87
183.87
183.75
183.51
183.51
183.51
183.27
183.39
183.27
183.14
183.02
183.02
182.9
182.9
182.66
182.66
182.54
182.54
182.42
182.3
182.3
182.3
182.18
182.05
181.93
181.93
181.93
181.81
181.81
181.81
181.81
181.69
181.57
181.45
181.33
181.33
181.21
180.96
180.96
180.96
180.84
180.84
180.6
180.6
180.48
180.48
180.36
180.24
180.24
180.12
180
180
179.87
179.87
179.75
179.63
179.63
179.51
179.39
179.39
179.27
179.15
179.15
179.03
178.9
178.9
178.78
178.66
178.66
178.54
178.42
178.42
178.42
178.3
178.18
178.18
178.06
177.94
177.94
177.81
177.69
177.69
177.57
177.45
177.45
177.33
177.21
177.21
177.09
177.21
177.09
177.09
176.97
176.97
176.97
176.85
176.72
176.72
176.48
176.48
176.36
176.24
176.24
176.12
176
176
175.88
175.76
175.76
175.76
175.63
175.51
175.51
175.27
175.27
175.27
175.15
175.03
175.03
175.03
174.91
174.79
174.79
174.79
174.67
174.54
174.42
174.3
174.3
174.18
174.18
174.06
174.06
173.94
173.82
173.82
173.7
173.58
173.58
173.58
173.33
173.33
173.33
173.21
173.09
173.09
172.97
172.97
172.85
172.85
172.73
172.85
172.73
172.73
172.73
172.61
172.61
172.48
172.36
172.24
172.12
172.12
172
171.88
171.88
171.76
171.64
171.64
171.52
171.52
171.39
171.39
171.15
171.15
171.15
171.03
170.91
170.91
170.79
170.79
170.79
170.67
170.55
170.43
170.3
170.3
170.18
170.18
170.06
169.94
169.94
169.94
169.7
169.7
169.7
169.58
169.46
169.46
169.34
169.34
169.21
169.09
169.09
168.97
168.97
168.85
168.73
168.73
168.61
168.49
168.49
168.37
168.37
168.25
168.25
168.25
168.12
168.12
168.12
168
168
167.88
167.88
167.64
167.64
167.52
167.4
167.4
167.28
167.16
167.03
167.03
166.91
166.79
166.79
166.67
166.55
166.31
166.19
166.19
166.06
166.06
165.94
165.94
165.82
165.7
165.58
165.58
165.58
165.46
165.46
165.46
165.34
165.34
165.22
165.1
165.1
164.97
164.85
164.85
164.85
164.61
164.49
164.49
164.37
164.37
164.13
164.13
164.13
164.13
164.01
164.01
163.88
163.88
163.76
163.76
163.64
163.64
163.52
163.52
163.52
163.52
163.52
163.4
163.4
163.4
163.28
163.16
163.16
163.04
162.92
162.79
162.67
162.55
162.55
162.55
162.43
162.43
162.31
162.31
162.19
162.19
162.07
162.07
161.95
161.95
161.83
161.7
161.7
161.58
161.46
161.46
161.46
161.34
161.22
161.22
160.98
160.98
160.98
160.86
160.74
160.74
160.61
160.61
160.49
160.49
160.37
160.25
160.25
160.13
160.13
160.01
159.89
159.89
159.77
159.77
159.65
159.65
159.52
159.52
159.52
159.4
159.28
159.28
159.4
159.4
159.28
159.28
159.16
159.16
159.04
158.92
158.92
158.8
158.8
158.68
158.55
158.55
158.31
158.31
158.31
158.19
158.19
158.07
157.95
157.83
157.83
157.83
157.71
157.71
157.59
157.59
157.46
157.46
157.34
157.34
157.22
157.1
157.1
157.1
156.86
156.86
156.86
156.74
156.62
156.62
156.5
156.5
156.37
156.25
156.25
156.25
156.13
156.13
156.01
156.01
155.89
155.89
155.77
155.65
155.65
155.65
155.53
155.41
155.41
155.28
155.28
155.16
155.16
155.16
155.16
155.16
155.16
155.16
155.04
155.04
154.8
154.8
154.68
154.68
154.56
154.44
154.32
154.32
154.19
154.19
154.19
154.07
153.95
153.95
153.83
153.71
153.71
153.59
153.59
153.47
153.35
153.35
153.23
153.23
153.23
153.1
152.98
152.98
152.74
152.86
152.74
152.62
152.62
152.5
152.5
152.38
152.38
152.26
152.13
152.13
152.13
152.01
151.89
151.89
151.77
151.77
151.65
151.65
151.53
151.53
151.41
151.41
151.29
151.29
151.17
151.17
151.04
151.04
150.92
151.04
151.04
151.04
150.92
150.92
150.92
150.8
150.68
150.56
150.56
150.56
150.32
150.32
150.2
150.08
150.08
150.08
150.08
149.95
149.71
149.71
149.71
149.59
149.59
149.47
149.47
149.47
149.35
149.35
149.23
149.11
149.11
149.11
148.99
148.86
148.86
148.74
148.62
148.62
148.62
148.5
148.5
148.38
148.26
148.26
148.14
148.14
148.14
148.02
147.9
147.9
147.77
147.77
147.65
147.65
147.65
147.53
147.41
147.41
147.41
147.29
147.29
147.29
147.29
147.41
147.29
147.29
147.17
147.17
147.17
147.05
147.05
146.93
146.81
146.68
146.68
146.56
146.44
146.44
146.32
146.32
146.2
146.2
146.08
145.96
145.96
145.84
145.72
145.72
145.72
145.72
145.59
145.47
145.35
145.47
145.35
145.23
145.23
145.23
145.11
144.99
144.99
144.99
144.87
144.75
144.75
144.62
144.5
144.5
144.5
144.5
144.26
144.26
144.26
144.14
144.14
144.02
144.02
144.02
143.9
143.78
143.78
143.78
143.53
143.53
143.53
143.53
143.41
143.41
143.41
143.41
143.53
143.53
143.41
143.29
143.29
143.17
143.05
142.93
142.81
142.81
142.69
142.69
142.57
142.44
142.44
142.32
142.32
142.32
142.2
142.2
142.08
142.08
141.96
141.96
141.84
141.84
141.72
141.72
141.6
141.6
141.48
141.35
141.35
141.35
141.23
141.11
141.11
140.99
140.99
140.87
140.87
140.75
140.75
140.75
140.63
140.51
140.39
140.39
140.39
140.26
140.26
140.14
140.14
140.02
140.02
140.02
139.9
139.78
139.78
139.66
139.66
139.66
139.66
139.66
139.66
139.66
139.66
139.66
139.54
139.54
139.42
139.3
139.17
139.17
139.05
138.93
138.81
138.81
138.69
138.69
138.69
138.57
138.45
138.45
138.45
138.45
138.33
138.2
138.2
138.08
138.08
138.08
137.96
137.96
137.84
137.72
137.72
137.72
137.6
137.48
137.48
137.36
137.36
137.24
137.24
137.24
137.11
137.11
136.99
136.99
136.99
136.87
136.75
136.75
136.75
136.63
136.63
136.51
136.51
136.39
136.39
136.27
136.27
136.27
136.27
136.39
136.39
136.39
136.39
136.39
136.27
136.27
136.15
136.15
136.02
135.9
135.78
135.78
135.66
135.54
135.54
135.42
135.3
135.18
135.18
135.18
135.18
135.06
135.06
135.06
134.81
134.81
134.81
134.81
134.69
134.57
134.57
134.57
134.45
134.45
134.33
134.33
134.09
134.09
134.09
133.97
133.84
133.84
133.84
133.72
133.72
133.6
133.6
133.6
133.6
133.48
133.36
133.36
133.36
133.24
133.12
133.12
133.12
133.12
133
132.88
132.88
132.88
132.75
132.88
132.88
132.88
132.88
132.88
132.88
132.88
132.88
132.75
132.63
132.63
132.39
132.39
132.27
132.15
132.03
132.03
131.91
131.91
131.79
131.66
131.66
131.66
131.54
131.54
131.42
131.42
131.42
131.42
131.3
131.18
131.18
131.06
131.06
130.94
130.94
130.82
130.82
130.69
130.69
130.45
130.57
130.45
130.45
130.33
130.33
130.21
130.21
130.21
130.09
129.97
129.97
129.97
129.85
129.85
129.73
129.73
129.6
129.6
129.48
129.48
129.36
129.36
129.24
129.36
129.24
129.24
129.36
129.36
129.36
129.36
129.36
129.36
129.24
129.24
129.12
129.12
129
128.76
128.76
128.64
128.51
128.51
128.39
128.27
128.27
128.27
128.15
128.03
128.03
128.03
128.03
128.03
127.91
127.79
127.79
127.79
127.67
127.67
127.55
127.55
127.42
127.42
127.3
127.3
127.18
127.18
127.06
127.06
127.06
126.94
126.82
126.82
126.82
126.82
126.7
126.7
126.58
126.58
126.46
126.46
126.33
126.33
126.33
126.21
126.21
126.21
126.21
126.33
126.33
126.33
126.46
126.33
126.33
126.33
126.33
126.21
126.09
126.09
125.85
125.85
125.73
125.61
125.61
125.49
125.37
125.37
125.24
125.24
125.12
125.12
125.12
125
125
124.88
124.88
124.88
124.76
124.76
124.76
124.64
124.52
124.52
124.52
124.4
124.4
124.27
124.27
124.15
124.15
124.03
123.91
124.03
123.91
123.91
123.79
123.67
123.67
123.67
123.55
123.55
123.43
123.43
123.31
123.18
123.18
123.18
123.18
123.18
123.06
122.94
122.94
123.06
123.06
123.06
123.06
123.18
123.18
123.31
123.31
123.18
123.18
123.06
122.94
122.94
122.82
122.7
122.7
122.58
122.46
122.34
122.22
122.09
122.09
121.97
121.97
121.85
121.85
121.73
121.73
121.61
121.73
121.61
121.61
121.49
121.49
121.49
121.37
121.37
121.25
121.25
121.13
121.13
121
120.88
120.88
120.76
120.76
120.76
120.64
120.64
120.52
120.4
120.4
120.28
120.28
120.28
120.28
120.16
120.16
120.04
120.04
120.04
119.91
119.91
119.91
119.91
119.91
119.91
120.04
120.04
120.16
120.04
120.16
120.16
120.16
120.16
120.04
119.91
119.79
119.79
119.55
119.55
119.43
119.31
119.19
119.07
118.95
118.82
118.82
118.82
118.82
118.82
118.7
118.7
118.7
118.58
118.46
118.58
118.34
118.34
118.34
118.22
118.1
118.1
118.1
118.1
117.86
117.86
117.73
117.86
117.73
117.61
117.61
117.61
117.49
117.49
117.37
117.37
117.37
117.25
117.25
117.25
117.13
117.13
117.13
117.01
117.13
117.13
117.13
117.25
117.37
117.37
117.49
117.49
117.49
117.37
117.37
117.37
117.37
117.13
117.13
117.01
116.89
116.89
116.64
116.52
116.4
116.28
116.16
116.16
116.16
115.92
115.92
115.92
115.92
115.92
115.8
115.67
115.67
115.67
115.55
115.55
115.43
115.43
115.31
115.31
115.19
115.19
115.07
115.07
114.95
114.95
114.83
114.83
114.71
114.71
114.71
114.71
114.58
114.58
114.46
114.46
114.46
114.34
114.34
114.22
114.22
114.22
114.1
114.1
113.98
113.98
114.1
114.1
114.22
114.34
114.46
114.46
114.58
114.58
114.71
114.58
114.58
114.46
114.34
114.46
114.22
114.22
113.98
113.98
113.86
113.74
113.62
113.49
113.25
113.25
113.13
113.13
113.01
113.01
113.01
112.77
112.77
112.77
112.65
112.65
112.53
112.53
112.53
112.53
112.4
112.28
112.28
112.16
112.04
112.04
112.04
112.04
111.92
111.92
111.8
111.8
111.8
111.68
111.56
111.56
111.56
111.56
111.31
111.44
111.31
111.31
111.19
111.19
111.19
111.07
111.07
111.07
111.19
111.19
111.31
111.44
111.56
111.56
111.68
111.8
111.68
111.68
111.56
111.68
111.56
111.44
111.31
111.19
111.19
111.07
110.95
110.83
110.71
110.59
110.47
110.34
110.34
110.34
110.22
110.1
110.1
110.1
109.98
109.86
109.86
109.86
109.74
109.74
109.62
109.62
109.5
109.5
109.5
109.38
109.38
109.38
109.25
109.25
109.13
109.13
109.01
109.01
108.89
109.01
108.89
108.89
108.89
108.77
108.65
108.65
108.65
108.65
108.53
108.65
108.65
108.65
108.89
108.89
109.13
109.13
109.13
109.25
109.25
109.38
109.25
109.13
109.01
109.01
109.01
108.89
108.77
108.65
108.65
108.53
108.41
108.29
108.04
108.04
107.92
107.92
107.92
107.8
107.68
107.68
107.68
107.56
107.44
107.44
107.32
107.2
107.2
107.2
106.95
106.95
106.95
106.83
106.83
106.83
106.71
106.71
106.59
106.59
106.47
106.47
106.47
106.47
106.35
106.23
106.23
106.23
106.23
106.11
106.11
105.98
105.98
105.98
105.86
105.86
105.86
105.74
105.74
105.74
105.86
105.98
105.98
105.98
106.23
106.35
106.47
106.35
106.47
106.47
106.47
106.47
106.35
106.35
106.23
106.23
106.23
105.98
105.98
105.98
105.86
105.74
105.74
105.5
105.5
105.38
105.26
105.26
105.02
105.02
105.02
105.02
104.89
104.77
104.65
104.65
104.53
104.53
104.41
104.29
104.17
104.17
104.05
104.05
104.05
104.05
103.93
103.8
103.8
103.8
103.68
103.56
103.56
103.56
103.56
103.44
103.32
103.32
103.32
103.2
103.2
103.2
103.08
103.08
102.96
102.96
102.83
102.83
102.83
102.83
102.83
102.83
102.83
103.08
103.08
103.2
103.32
103.32
103.56
103.56
103.44
103.56
103.44
103.44
103.44
103.32
103.32
103.32
103.2
103.08
103.08
102.96
102.83
102.83
102.59
102.59
102.47
102.35
102.23
102.23
102.11
102.11
101.99
101.99
101.87
101.87
101.74
101.62
101.62
101.62
101.5
101.38
101.38
101.38
101.14
101.14
101.14
101.14
101.02
101.02
100.9
100.9
100.9
100.9
100.78
100.78
100.65
100.65
100.65
100.53
100.53
100.41
100.53
100.53
100.41
100.41
100.53
100.65
100.78
100.9
101.02
101.14
101.14
101.26
101.26
101.26
101.14
101.14
101.14
101.14
101.14
101.14
100.9
100.9
100.9
100.9
100.65
100.53
100.41
100.29
100.29
100.17
100.05
100.05
99.93
99.81
99.81
99.69
99.56
99.69
99.44
99.44
99.32
99.2
99.2
99.08
99.08
98.96
98.96
98.84
98.84
98.72
98.72
98.72
98.72
98.6
98.6
98.6
98.47
98.47
98.35
98.23
98.23
98.23
98.23
98.23
98.11
98.11
97.99
97.99
97.87
97.87
97.87
97.87
97.99
97.87
98.11
98.23
98.35
98.47
98.6
98.72
98.72
98.72
98.84
98.84
98.84
98.72
98.72
98.72
98.72
98.72
98.72
98.6
98.47
98.35
98.23
98.23
97.99
97.99
97.87
97.75
97.75
97.75
97.51
97.51
97.38
97.38
97.26
97.26
97.02
97.02
96.9
96.78
96.78
96.66
96.54
96.54
96.41
96.41
96.29
96.29
96.29
96.17
96.05
96.05
96.05
96.05
95.93
95.93
95.81
95.81
95.81
95.69
95.57
95.69
95.57
95.57
95.57
95.57
95.45
95.32
95.32
95.32
95.32
95.32
95.32
95.45
95.57
95.69
95.93
96.05
96.17
96.17
96.17
96.29
96.29
96.29
96.29
96.29
96.29
96.29
96.17
96.05
96.05
96.05
95.81
95.81
95.69
95.57
95.57
95.45
95.32
95.32
95.2
95.08
95.08
94.84
94.84
94.84
94.72
94.6
94.6
94.48
94.36
94.36
94.36
94.11
94.11
93.99
93.99
93.87
93.87
93.75
93.63
93.63
93.63
93.51
93.39
93.51
93.39
93.39
93.27
93.27
93.27
93.14
93.14
93.14
93.02
93.02
92.9
92.9
92.9
92.9
92.9
93.02
93.14
93.14
93.39
93.51
93.75
93.87
93.87
93.87
93.99
93.99
93.99
93.99
93.87
93.87
93.87
93.87
93.75
93.75
93.63
93.63
93.39
93.39
93.27
93.14
93.14
93.14
93.02
92.9
92.78
92.78
92.66
92.66
92.54
92.42
92.42
92.42
92.3
92.18
92.05
92.05
91.93
91.93
91.81
91.69
91.69
91.57
91.45
91.45
91.45
91.33
91.21
91.33
91.21
91.09
90.96
91.09
90.96
90.96
90.96
90.84
90.72
90.72
90.72
90.72
90.6
90.6
90.72
90.72
90.72
90.96
91.09
91.21
91.57
91.57
91.69
91.69
91.81
91.81
91.81
91.81
91.81
91.81
91.81
91.69
91.69
91.57
91.69
91.57
91.33
91.33
91.21
91.21
90.96
90.96
90.84
90.84
90.72
90.72
90.6
90.48
90.48
90.48
90.36
90.24
90.24
90.24
90
90
90
89.75
89.63
89.75
89.63
89.51
89.39
89.39
89.39
89.27
89.15
89.27
89.03
89.03
88.9
88.78
88.78
88.66
88.78
88.66
88.54
88.54
88.54
88.42
88.42
88.3
88.3
88.3
88.3
88.18
88.3
88.3
88.42
88.54
88.78
89.03
89.15
89.27
89.39
89.39
89.51
89.51
89.51
89.51
89.51
89.51
89.51
89.51
89.39
89.27
89.15
89.03
89.03
89.03
88.78
88.78
88.66
88.54
88.54
88.42
88.3
88.3
88.3
88.18
88.18
88.06
88.06
88.06
87.94
87.81
87.81
87.69
87.69
87.57
87.45
87.45
87.33
87.21
87.09
87.09
86.97
86.97
86.97
86.85
86.85
86.85
86.6
86.6
86.6
86.48
86.48
86.36
86.36
86.36
86.24
86.12
86.12
86
86
86
86.12
86.12
86.24
86.36
86.6
86.85
86.97
87.09
87.09
87.21
87.33
87.33
87.33
87.33
87.21
87.21
87.21
87.09
87.09
87.09
87.09
86.97
86.85
86.85
86.6
86.6
86.6
86.48
86.36
86.36
86.12
86.24
86.12
86.12
86.12
86
86
85.88
85.88
85.88
85.76
85.63
85.63
85.51
85.39
85.39
85.39
85.27
85.15
85.15
85.03
85.03
84.91
84.91
84.91
84.67
84.67
84.67
84.54
84.54
84.42
84.42
84.3
84.3
84.18
84.18
84.18
84.18
84.18
84.3
84.42
84.67
84.91
85.03
85.15
85.15
85.27
85.27
85.39
85.27
85.27
85.39
85.27
85.27
85.15
85.15
85.15
85.15
85.03
84.91
84.79
84.67
84.67
84.54
84.42
84.42
84.3
84.3
84.18
84.18
84.18
84.18
84.06
84.06
83.94
83.94
83.94
83.82
83.7
83.58
83.58
83.45
83.45
83.33
83.21
83.21
83.21
83.09
82.97
82.97
82.97
82.85
82.73
82.73
82.61
82.48
82.48
82.36
82.36
82.36
82.24
82.24
82.12
82
82
82
82
82
82
82.12
82.36
82.48
82.73
82.97
82.97
83.09
82.97
83.21
83.21
83.09
83.21
83.21
83.21
83.09
83.09
82.97
82.97
82.97
82.85
82.73
82.61
82.61
82.48
82.48
82.24
82.24
82.12
82.12
82.12
82
82
82
81.88
81.88
81.76
81.76
81.64
81.64
81.52
81.52
81.39
81.39
81.27
81.27
81.15
81.03
81.03
81.03
80.91
80.91
80.79
80.79
80.67
80.67
80.55
80.55
80.55
80.55
80.43
80.43
80.3
80.3
80.18
80.18
80.3
80.3
80.55
80.55
80.79
81.03
81.03
81.15
81.27
81.27
81.27
81.27
81.15
81.27
81.27
81.27
81.15
81.15
81.03
81.03
81.03
81.03
80.91
80.79
80.79
80.67
80.55
80.55
80.43
80.43
80.3
80.3
80.3
80.18
80.18
80.06
80.06
80.06
79.94
79.94
79.94
79.82
79.7
79.7
79.58
79.58
79.46
79.46
79.46
79.34
79.21
79.21
79.09
79.09
78.97
78.97
78.85
78.85
78.85
78.85
78.61
78.61
78.49
78.49
78.49
78.49
78.49
78.61
78.85
78.97
79.09
79.34
79.34
79.34
79.58
79.46
79.46
79.58
79.46
79.46
79.46
79.46
79.34
79.34
79.34
79.34
79.21
79.09
79.09
78.97
78.85
78.85
78.85
78.73
78.61
78.61
78.61
78.49
78.49
78.37
78.37
78.37
78.37
78.25
78.12
78.12
78.12
78.12
78
77.88
77.88
77.88
77.76
77.76
77.64
77.64
77.52
77.4
77.4
77.4
77.28
77.28
77.16
77.16
77.03
77.03
76.91
76.91
76.79
76.79
76.67
76.67
76.55
76.55
76.55
76.67
76.67
76.91
77.03
77.16
77.4
77.4
77.52
77.64
77.64
77.64
77.52
77.64
77.64
77.64
77.52
77.52
77.4
77.4
77.4
77.4
77.28
77.16
77.16
77.03
76.91
76.91
76.79
76.79
76.79
76.67
76.67
76.67
76.67
76.55
76.55
76.55
76.43
76.43
76.43
76.43
76.43
76.19
76.19
76.19
75.94
75.94
75.94
75.94
75.82
75.7
75.7
75.7
75.7
75.58
75.46
75.34
75.46
75.34
75.34
75.22
75.22
75.1
74.97
75.1
74.97
75.1
75.22
75.22
75.46
75.58
75.7
75.82
75.94
75.94
75.94
75.94
75.94
75.94
75.94
75.94
75.94
75.94
75.94
75.94
75.7
75.7
75.7
75.58
75.46
75.46
75.34
75.34
75.22
75.22
75.22
75.22
75.1
75.1
74.97
74.97
74.97
74.97
74.97
74.85
74.85
74.73
74.73
74.61
74.61
74.61
74.49
74.49
74.37
74.25
74.25
74.25
74.25
74.13
74.01
74.01
74.01
74.01
73.88
73.76
73.76
73.76
73.64
73.52
73.52
73.52
73.52
73.4
73.52
73.52
73.76
73.88
74.13
74.13
74.25
74.25
74.25
74.37
74.37
74.37
74.37
74.37
74.37
74.25
74.25
74.25
74.25
74.25
74.13
74.01
74.01
73.88
73.88
73.76
73.76
73.76
73.64
73.64
73.52
73.52
73.52
73.52
73.52
73.4
73.4
73.28
73.28
73.28
73.28
73.28
73.04
73.04
73.04
73.04
72.92
72.92
72.92
72.79
72.79
72.67
72.55
72.55
72.55
72.43
72.43
72.31
72.31
72.19
72.19
72.07
72.07
72.07
71.95
71.95
71.83
71.95
72.07
72.07
72.31
72.43
72.55
72.55
72.67
72.79
72.79
72.79
72.67
72.67
72.67
72.67
72.67
72.67
72.55
72.55
72.55
72.43
72.31
72.31
72.31
72.19
72.19
72.07
72.07
72.07
71.95
72.07
71.95
71.95
71.95
71.83
71.83
71.83
71.7
71.7
71.58
71.58
71.58
71.58
71.46
71.58
71.34
71.34
71.34
71.34
71.22
71.22
71.1
71.1
71.1
70.98
70.98
70.98
70.86
70.86
70.86
70.74
70.74
70.61
70.61
70.61
70.61
70.61
70.61
70.86
70.98
71.1
71.22
71.22
71.34
71.34
71.34
71.34
71.34
71.34
71.34
71.34
71.34
71.22
71.22
71.1
71.1
71.1
70.98
70.86
70.86
70.86
70.74
70.74
70.86
70.74
70.61
70.61
70.61
70.61
70.49
70.49
70.49
70.37
70.49
70.37
70.37
70.37
70.37
70.25
70.13
70.13
70.13
70.13
70.01
69.89
70.01
69.89
69.77
69.77
69.65
69.65
69.65
69.65
69.65
69.52
69.52
69.52
69.52
69.4
69.4
69.28
69.4
69.4
69.52
69.65
69.77
69.89
69.89
69.89
70.13
70.01
70.13
70.01
70.01
70.01
70.01
70.01
70.01
69.89
70.01
69.89
69.77
69.77
69.65
69.65
69.65
69.65
69.52
69.52
69.4
69.4
69.4
69.4
69.28
69.4
69.16
69.28
69.16
69.28
69.16
69.16
69.04
69.04
68.92
68.92
68.92
68.92
68.92
68.8
68.68
68.8
68.68
68.68
68.55
68.43
68.43
68.43
68.31
68.31
68.19
68.19
68.19
68.19
68.07
68.07
67.95
67.95
67.95
67.83
67.83
67.71
67.83
67.71
67.83
67.83
68.07
68.07
68.19
68.31
68.31
68.43
68.43
68.43
68.43
68.43
68.43
68.43
68.43
68.31
68.43
68.31
68.19
68.19
68.19
68.19
67.95
67.95
67.95
67.83
67.83
67.71
67.71
67.83
67.71
67.71
67.71
67.59
67.59
67.46
67.46
67.46
67.46
67.46
67.46
67.34
67.22
67.22
67.22
67.22
67.22
67.1
67.1
66.98
66.98
66.98
66.86
66.86
66.86
66.86
66.74
66.74
66.74
66.74
66.74
66.62
66.62
66.5
66.5
66.5
66.5
66.5
66.62
66.74
66.98
66.86
66.98
66.98
67.1
67.1
67.1
67.22
67.22
67.22
67.22
67.22
66.98
67.1
66.98
66.98
66.98
66.86
66.74
66.74
66.74
66.74
66.62
66.62
66.62
66.62
66.62
66.5
66.5
66.5
66.5
66.5
66.37
66.37
66.25
66.37
66.25
66.25
66.25
66.25
66.25
66.13
66.01
66.01
66.01
66.01
65.89
65.89
65.77
65.77
65.77
65.65
65.65
65.65
65.53
65.53
65.53
65.53
65.53
65.41
65.53
65.53
65.41
65.41
65.41
65.53
65.65
65.77
65.77
65.89
65.89
66.01
66.01
66.01
66.01
66.01
66.01
66.01
66.01
66.01
65.89
65.77
65.77
65.77
65.77
65.77
65.65
65.65
65.53
65.53
65.41
65.41
65.41
65.41
65.41
65.28
65.28
65.28
65.28
65.28
65.28
65.16
65.16
65.16
65.04
65.04
65.04
65.04
64.92
64.92
64.8
64.8
64.8
64.68
64.56
64.68
64.56
64.56
64.56
64.44
64.56
64.44
64.32
64.32
64.32
64.32
64.32
64.32
64.07
64.07
64.07
64.07
63.95
63.95
64.07
64.07
64.19
64.32
64.44
64.44
64.56
64.56
64.56
64.56
64.68
64.56
64.56
64.56
64.56
64.56
64.56
64.56
64.56
64.56
64.44
64.32
64.32
64.32
64.19
64.19
64.07
64.07
64.07
64.07
64.07
63.95
63.95
63.95
63.95
63.95
63.83
63.83
63.83
63.83
63.83
63.71
63.59
63.59
63.59
63.59
63.59
63.47
63.47
63.47
63.35
63.35
63.35
63.35
63.1
63.23
63.1
63.1
63.1
63.1
62.98
62.98
62.98
62.98
62.86
62.86
62.86
62.86
62.74
62.62
62.62
62.62
62.62
62.62
62.62
62.74
62.86
63.1
63.1
63.1
63.35
63.35
63.35
63.23
63.23
63.23
63.23
63.23
63.23
63.23
63.1
63.1
63.1
63.1
63.1
62.98
62.98
62.86
62.86
62.86
62.86
62.74
62.86
62.74
62.62
62.62
62.62
62.62
62.62
62.62
62.62
62.62
62.5
62.5
62.38
62.38
62.38
62.38
62.26
62.26
62.13
62.13
62.13
62.13
62.13
62.13
62.13
62.01
61.89
61.89
61.89
61.89
61.89
61.77
61.77
61.65
61.65
61.65
61.65
61.65
61.53
61.53
61.41
61.41
61.41
61.41
61.41
61.41
61.53
61.65
61.77
61.89
61.89
61.89
61.89
62.01
61.89
62.01
62.01
61.89
61.89
61.89
61.89
61.89
61.89
61.89
61.77
61.65
61.65
61.65
61.65
61.53
61.41
61.53
61.41
61.41
61.41
61.41
61.41
61.41
61.41
61.29
61.41
61.29
61.17
61.17
61.17
61.17
61.17
61.04
61.04
61.04
60.92
60.92
60.92
60.92
60.8
60.68
60.8
60.68
60.68
60.68
60.68
60.56
60.56
60.56
60.44
60.44
60.32
60.32
60.44
60.32
60.32
60.2
60.2
60.2
60.08
60.08
60.08
60.08
60.08
60.08
60.2
60.32
60.44
60.44
60.56
60.68
60.68
60.68
60.68
60.68
60.68
60.68
60.68
60.68
60.56
60.56
60.56
60.44
60.44
60.44
60.44
60.32
60.2
60.2
60.2
60.08
60.2
59.95
59.95
60.08
60.08
59.95
59.95
59.95
59.95
59.83
59.95
59.83
59.71
59.71
59.71
59.71
59.71
59.59
59.59
59.47
59.47
59.47
59.47
59.47
59.47
59.35
59.35
59.23
59.35
59.23
59.23
59.23
59.23
59.11
59.11
59.11
58.99
58.99
58.86
58.86
58.74
58.86
58.74
58.74
58.86
58.99
59.11
59.11
59.23
59.23
59.35
59.35
59.35
59.47
59.35
59.35
59.35
59.23
59.23
59.35
59.23
59.23
59.11
59.11
59.11
58.99
58.99
58.99
58.99
58.99
58.99
58.86
58.86
58.99
58.74
58.74
58.86
58.74
58.74
58.74
58.62
58.62
58.62
58.62
58.5
58.62
58.5
58.5
58.5
58.5
58.38
58.38
58.38
58.26
58.26
58.26
58.26
58.26
58.14
58.14
58.14
58.02
58.02
58.02
58.02
58.02
58.02
57.9
57.9
57.9
57.9
57.77
57.77
57.77
57.9
58.02
58.02
58.14
58.26
58.26
58.26
58.26
58.26
58.26
58.26
58.26
58.26
58.26
58.26
58.14
58.14
58.14
58.14
58.14
58.02
58.02
58.02
57.9
57.9
57.9
57.77
57.9
57.9
57.77
57.77
57.77
57.77
57.77
57.65
57.65
57.65
57.65
57.53
57.65
57.53
57.53
57.41
57.41
57.41
57.41
57.41
57.29
57.29
57.29
57.29
57.29
57.17
57.17
57.17
57.05
57.05
57.05
57.05
56.93
56.93
57.05
56.93
56.81
56.81
56.68
56.68
56.81
56.68
56.68
56.68
56.68
56.81
56.81
57.05
57.05
57.05
57.17
57.17
57.05
57.17
57.17
57.05
57.05
57.05
57.05
57.05
57.05
57.05
57.05
56.93
56.81
56.81
56.81
56.81
56.81
56.68
56.68
56.68
56.68
56.68
56.68
56.56
56.56
56.56
56.56
56.56
56.56
56.56
56.44
56.44
56.32
56.44
56.32
56.32
56.32
56.2
56.32
56.08
56.08
56.08
56.08
56.08
56.08
55.96
55.96
55.84
55.84
55.84
55.84
55.72
55.84
55.84
55.72
55.72
55.59
55.59
55.59
55.59
55.59
55.59
55.59
55.72
55.84
55.84
55.96
55.96
55.96
56.08
55.96
56.08
56.08
55.96
55.84
55.96
55.84
55.96
55.84
55.84
55.84
55.84
55.59
55.59
55.59
55.59
55.59
55.59
55.59
55.59
55.59
55.47
55.47
55.47
55.35
55.35
55.35
55.47
55.35
55.35
55.35
55.35
55.23
55.35
55.11
55.23
55.11
55.11
55.11
55.11
55.11
54.99
54.99
54.99
54.87
54.87
54.87
54.87
54.87
54.87
54.75
54.75
54.75
54.62
54.62
54.62
54.62
54.62
54.62
54.5
54.62
54.62
54.62
54.75
54.87
54.87
54.87
54.99
54.99
54.99
54.99
54.99
54.99
54.99
54.99
54.99
54.87
54.87
54.87
54.87
54.87
54.75
54.75
54.62
54.62
54.62
54.62
54.62
54.62
54.62
54.5
54.5
54.5
54.38
54.38
54.38
54.38
54.38
54.38
54.38
54.38
54.38
54.26
54.26
54.14
54.14
54.14
54.14
54.02
54.02
54.02
54.02
53.9
53.9
53.9
53.9
53.9
53.78
53.9
53.78
53.78
53.78
53.66
53.66
53.66
53.66
53.66
53.66
53.66
53.66
53.78
53.78
53.9
53.9
53.9
54.02
53.9
54.02
53.9
53.9
53.9
53.9
53.9
53.9
53.9
53.78
53.78
53.78
53.66
53.66
53.66
53.66
53.53
53.53
53.53
53.53
53.53
53.53
53.41
53.41
53.41
53.41
53.41
53.41
53.41
53.29
53.29
53.29
53.17
53.17
53.17
53.17
53.17
52.93
53.05
52.93
52.93
52.93
52.93
52.81
52.81
52.81
52.81
52.69
52.69
52.69
52.69
52.69
52.69
52.69
52.57
52.57
52.57
52.57
52.57
52.69
52.69
52.69
52.81
52.81
52.93
52.93
52.93
52.93
52.93
52.93
52.93
52.93
52.93
52.93
52.93
52.81
52.81
52.81
52.69
52.81
52.69
52.69
52.69
52.69
52.57
52.57
52.57
52.57
52.57
52.57
52.57
52.57
52.44
52.44
52.44
52.44
52.44
52.44
52.44
52.44
52.2
52.2
52.32
52.2
52.2
52.2
52.08
52.2
52.08
52.08
52.08
51.96
52.08
51.96
51.96
51.96
51.96
51.96
51.96
51.96
51.84
51.84
51.84
51.84
51.96
51.96
52.08
52.2
52.2
52.08
52.2
52.08
52.2
52.2
52.2
52.2
52.2
52.2
52.2
52.08
52.08
51.96
51.96
51.96
51.96
51.96
51.84
51.84
51.84
51.84
51.72
51.72
51.72
51.72
51.72
51.72
51.72
51.72
51.6
51.72
51.72
51.6
51.6
51.6
51.48
51.48
51.48
51.48
51.35
51.35
51.23
51.23
51.23
51.23
51.23
51.23
51.23
51.11
51.11
51.11
51.11
50.99
51.11
50.99
50.99
50.87
50.87
50.87
50.87
50.99
50.99
51.11
51.23
51.23
51.23
51.23
51.23
51.23
51.23
51.23
51.23
51.23
51.11
51.11
51.11
51.11
50.99
50.99
50.99
50.99
50.99
50.99
50.87
50.87
50.87
50.87
50.75
50.75
50.75
50.75
50.75
50.75
50.75
50.75
50.75
50.63
50.63
50.63
50.51
50.51
50.51
50.51
50.51
50.39
50.39
50.39
50.39
50.39
50.26
50.26
50.26
50.26
50.26
50.14
50.14
50.14
50.02
50.02
50.02
50.02
50.02
50.02
50.02
50.02
50.14
50.14
50.26
50.26
50.26
50.26
50.26
50.26
50.26
50.26
50.26
50.26
50.26
50.26
50.14
50.14
50.14
50.02
50.14
50.02
50.14
50.02
50.02
49.9
50.02
49.9
49.9
49.9
49.9
49.9
49.9
49.9
49.9
49.9
49.78
49.78
49.78
49.78
49.66
49.66
49.78
49.66
49.66
49.66
49.54
49.54
49.54
49.54
49.42
49.42
49.54
49.54
49.42
49.42
49.42
49.3
49.3
49.3
49.3
49.3
49.3
49.3
49.54
49.42
49.54
49.54
49.54
49.54
49.66
49.66
49.66
49.66
49.54
49.54
49.54
49.54
49.54
49.54
49.42
49.42
49.42
49.42
49.3
49.3
49.3
49.3
49.3
49.17
49.3
49.3
49.17
49.17
49.17
49.17
49.05
49.05
49.17
49.05
49.05
49.05
49.05
48.93
48.81
48.81
48.81
48.81
48.81
48.81
48.81
48.69
48.69
48.69
48.69
48.57
48.57
48.57
48.57
48.57
48.57
48.57
48.57
48.45
48.33
48.33
48.33
48.33
48.33
48.33
48.45
48.57
48.57
48.69
48.57
48.69
48.69
48.57
48.57
48.69
48.57
48.57
48.57
48.57
48.57
48.57
48.57
48.45
48.45
48.45
48.45
48.33
48.33
48.33
48.33
48.33
48.33
48.2
48.2
48.2
48.2
48.2
48.2
48.2
48.08
48.08
48.08
48.08
48.08
48.08
47.96
47.96
47.96
47.84
47.84
47.84
47.84
47.84
47.72
47.72
47.72
47.6
47.6
47.6
47.6
47.6
47.6
47.6
47.6
47.6
47.6
47.6
47.6
47.6
47.6
47.72
47.72
47.84
47.84
47.84
47.84
47.72
47.84
47.72
47.72
47.72
47.6
47.6
47.6
47.6
47.6
47.6
47.48
47.48
47.48
47.48
47.48
47.48
47.48
47.48
47.48
47.36
47.36
47.36
47.36
47.36
47.36
47.36
47.24
47.24
47.24
47.11
47.11
47.11
47.24
47.11
47.11
47.11
47.11
47.11
46.99
46.99
47.11
46.99
46.87
46.99
46.99
46.87
46.87
46.87
46.87
46.87
46.75
46.87
46.99
47.11
47.11
47.11
47.11
47.24
47.24
47.36
47.24
47.24
47.24
47.24
47.24
47.24
47.24
47.24
47.11
47.11
47.11
47.11
46.99
46.87
46.99
46.87
46.87
46.75
46.63
46.39
46.15
45.9
45.66
45.18
44.93
44.45
44.21
43.72
43.48
42.88
42.51
42.03
41.66
41.06
40.69
40.21
39.85
39.24
39
38.51
38.15
37.67
37.42
36.94
36.7
36.21
35.97
35.49
35.24
34.88
34.64
34.27
34.03
33.79
33.55
33.18
32.94
32.7
32.46
32.09
31.97
31.61
31.37
31.13
30.76
30.52
30.28
30.04
29.79
29.43
29.31
28.95
28.7
28.46
28.34
27.98
27.73
27.49
27.37
27.13
27.01
26.64
26.52
26.28
26.16
25.8
25.67
25.43
25.31
25.07
24.83
24.58
24.46
24.34
24.1
23.86
23.86
23.62
23.37
23.13
23.01
22.89
22.77
22.65
22.4
22.28
22.16
21.92
21.92
21.68
21.56
21.31
21.31
21.07
20.95
20.83
20.71
20.59
20.47
20.47
20.34
20.22
20.1
19.86
19.74
19.62
19.5
19.38
19.25
19.13
19.01
18.77
18.77
18.53
18.53
18.29
18.29
18.04
17.92
17.8
17.8
17.68
17.56
17.44
17.44
17.2
17.2
16.95
16.95
16.83
16.71
16.59
16.47
16.47
16.35
16.23
16.11
16.11
15.98
15.86
15.86
15.62
15.5
15.38
15.38
15.26
15.26
15.14
15.02
14.89
14.89
14.77
14.65
14.53
14.65
14.53
14.41
14.41
14.41
14.29
14.29
14.17
14.17
14.05
14.05
13.93
13.8
13.68
13.68
13.68
13.56
13.44
13.44
13.32
13.2
13.2
13.08
13.08
12.96
12.96
12.83
12.71
12.71
12.59
12.71
12.59
12.47
12.47
12.35
12.23
12.23
12.23
12.11
12.11
11.99
11.87
11.99
11.87
11.74
11.74
11.74
11.62
11.5
11.5
11.5
11.38
11.38
11.26
11.26
11.14
11.14
11.02
11.02
11.02
10.9
10.9
10.9
10.78
10.78
10.65
10.78
10.78
10.65
10.53
10.65
10.53
10.41
10.41
10.41
10.29
10.29
10.29
10.17
10.05
10.05
10.05
10.05
9.93
9.93
9.81
9.81
9.81
9.81
9.69
9.69
9.56
9.69
9.56
9.56
9.56
9.44
9.44
9.32
9.32
9.32
9.32
9.32
9.32
9.2
9.32
9.32
9.32
9.2
9.2
9.08
9.08
9.08
9.08
8.84
8.84
8.84
8.72
8.72
8.72
8.6
8.6
8.6
8.6
8.47
8.35
8.47
8.35
8.35
8.35
8.35
8.35
8.23
8.23
8.23
8.11
8.11
8.11
8.11
8.11
7.99
7.87
7.87
7.87
7.87
7.75
7.75
7.75
7.63
7.63
7.63
7.63
7.63
7.51
7.51
7.38
7.38
7.38
7.38
7.38
7.38
7.26
7.26
7.14
7.14
7.14
7.02
7.02
7.02
7.02
7.02
6.9
6.9
6.9
6.9
6.9
6.9
6.78
6.78
6.66
6.66
6.66
6.66
6.66
6.66
6.66
6.66
6.54
6.41
6.41
6.41
6.54
6.41
6.41
6.41
6.41
6.41
6.29
6.29
6.17
6.17
6.17
6.17
6.17
6.05
6.17
6.17
6.05
5.93
5.93
6.05
6.05
5.93
5.93
5.93
5.93
5.93
5.81
5.81
5.81
5.81
5.69
5.69
5.69
5.69
5.69
5.57
5.57
5.57
5.57
5.57
5.45
5.45
5.45
5.45
5.45
5.45
5.45
5.45
5.45
5.45
5.32
5.32
5.32
5.32
5.32
5.32
5.2
5.2
5.2
5.2
5.2
5.2
5.2
5.2
5.2
5.08
5.08
5.2
4.96
4.96
5.08
5.08
4.96
4.96
4.96
4.96
4.96
4.96
4.96
4.96
4.96
4.96
4.84
4.84
4.84
4.84
4.72
4.72
4.72
4.72
4.6
4.72
4.72
4.72
4.72
4.72
4.6
4.6
4.6
4.6
4.6
4.6
4.6
4.6
4.6
4.6
4.6
4.6
4.6
4.48
4.48
4.48
4.48
4.48
4.48
4.48
4.48
4.48
4.36
4.48
4.48
4.36
4.36
4.48
4.48
4.48
4.36
4.48
4.36
4.23
4.36
4.36
4.23
4.36
4.23
4.23
4.23
4.23
4.23
4.23
4.11
4.23
4.23
4.11
4.23
4.11
4.11
4.11
3.99
3.99
4.11
4.11
4.11
3.99
3.99
3.99
3.99
3.99
3.99
3.99
3.99
3.99
3.99
3.99
3.99
3.99
3.99
3.99
3.87
3.99
3.87
3.87
3.87
3.87
3.75
3.87
3.87
3.75
3.75
3.87
3.75
3.87
3.87
3.87
3.99
3.87
3.87
3.87
3.87
3.75
3.75
3.75
3.75
3.75
3.75
3.75
3.87
3.75
3.75
3.87
3.87
3.75
3.75
3.75
3.75
3.75
3.75
3.75
3.75
3.87
3.75
3.87
3.87
3.87
3.87
3.75
3.75
3.75
3.63
3.63
3.51
3.63
3.51
3.51
3.51
3.51
3.51
3.51
3.51
3.51
3.51
3.39
3.27
3.39
3.39
3.39
3.27
3.39
3.39
3.27
3.27
3.27
3.27
3.14
3.27
3.27
3.27
3.14
3.14
3.14
3.14
3.14
3.02
3.02
3.02
2.9
2.9
3.02
2.9
2.9
2.9
2.78
2.9
2.9
2.78
2.78
2.78
2.78
2.78
2.78
2.78
2.78
2.66
2.78
2.66
2.66
2.66
2.66
2.66
2.66
2.66
2.54
2.54
2.54
2.42
2.3
2.42
2.42
2.54
2.66
2.78
2.78
2.78
2.54
2.54
2.54
2.54
2.54
2.66
2.78
2.66
2.54
2.54
2.54
2.66
2.78
2.78
2.78
2.78
2.78
2.66
2.54
2.54
2.66
2.66
2.66
2.66
2.66
2.66
2.66
2.66
2.54
2.66
2.66
2.66
2.66
2.54
2.54
2.66
2.54
2.78
2.78
2.78
2.78
2.78
2.78
2.9
2.66
3.39
3.27
3.39
3.02
3.02
3.02
3.02
3.02
3.02
3.02
3.14
3.02
3.02
3.02
3.02
3.02
2.9
2.9
3.02
2.9
3.02
3.02
3.02
3.27
3.14
3.14
3.27
3.14
3.14
3.14
3.02
3.02
3.02
3.02
2.9
2.78
2.66
2.78
2.66
2.66
2.78
2.78
2.78
2.78
2.78
2.78
2.78
2.78
2.78
2.66
2.54
2.54
2.42
2.42
2.54
2.42
2.42
2.42
2.42
2.54
2.54
2.54
2.54
2.54
2.54
2.42
2.42
2.42
2.3
2.3
2.42
2.3
2.3
2.3
2.3
2.42
2.3
2.3
2.3
2.3
2.3
2.3
2.3
2.3
2.3
2.3
2.3
2.3
2.3
2.3
2.3
2.3
2.3
2.3
2.3
2.3
2.3
2.3
2.3
2.3
2.3
2.3
2.3
2.3
2.18
2.18
2.18
2.18
2.18
2.18
2.18
2.18
